# Probe 0 (0 0 0.0376992)
# Probe 1 (0 0.24 0.0376992)
#       Probe             0             1
#        Time
      1.70769             (0.194854 -2.98627e-06 -1.34549e-06)             (0.194858 -2.76992e-06 8.08221e-07)
      1.71538             (0.194856 -2.27211e-06 -1.09763e-06)             (0.194858 -2.68284e-06 8.86044e-07)
      1.72308             (0.194857 -2.71957e-06 -1.06375e-06)             (0.194859 -2.86239e-06 9.89579e-07)
      1.73077             (0.194858 -2.30162e-06 -8.52547e-07)             (0.19486 -2.86816e-06 1.11294e-06)
      1.73846             (0.194859 -2.00555e-06 -4.3512e-07)             (0.194861 -3.08921e-06 1.23032e-06)
      1.74615             (0.19486 -9.99592e-07 -4.94974e-07)             (0.194861 -3.1191e-06 1.32012e-06)
      1.75385             (0.194861 -1.06428e-06 -7.67899e-07)             (0.194862 -3.3792e-06 1.38601e-06)
      1.76154             (0.194862 -8.6346e-07 -6.82276e-07)             (0.194863 -3.40616e-06 1.40966e-06)
      1.76923             (0.194863 -1.36073e-06 -4.56314e-07)             (0.194864 -3.5626e-06 1.38821e-06)
      1.77692             (0.194864 -1.1311e-06 -5.3047e-07)             (0.194864 -3.4792e-06 1.31404e-06)
      1.78462             (0.194865 -1.52188e-06 -4.37248e-07)             (0.194865 -3.49287e-06 1.20538e-06)
      1.79231             (0.194865 -1.38988e-06 -3.07339e-07)             (0.194865 -3.19176e-06 1.09017e-06)
          1.8             (0.194866 -2.03234e-06 -4.19732e-07)             (0.194865 -2.97388e-06 9.65496e-07)
      1.80769             (0.194867 -1.56218e-06 -5.66918e-07)             (0.194865 -2.45926e-06 8.44755e-07)
      1.81538             (0.194867 -2.2359e-06 -5.58499e-07)             (0.194865 -2.11662e-06 7.73797e-07)
      1.82308             (0.194867 -1.99077e-06 -5.39113e-07)             (0.194864 -1.53482e-06 7.17755e-07)
      1.83077             (0.194867 -2.37371e-06 -3.65359e-07)             (0.194864 -1.13438e-06 7.02294e-07)
      1.83846             (0.194867 -2.01577e-06 -7.70521e-08)             (0.194863 -5.54355e-07 7.16588e-07)
      1.84615             (0.194866 -1.96566e-06 -2.83385e-07)             (0.194863 -2.07699e-07 7.36707e-07)
      1.85385             (0.194866 -1.18742e-06 -3.24689e-07)             (0.194862 3.33034e-07 8.05738e-07)
      1.86154             (0.194866 -1.19192e-06 8.89873e-09)             (0.194862 6.46326e-07 8.31371e-07)
      1.86923             (0.194867 -1.13251e-07 1.30723e-07)             (0.194861 1.22609e-06 8.10291e-07)
      1.87692             (0.194867 -3.2591e-07 2.86147e-07)             (0.19486 1.56437e-06 7.54682e-07)
      1.88462             (0.194867 5.47519e-07 -1.84132e-07)             (0.194859 2.12272e-06 6.39789e-07)
      1.89231             (0.194867 3.34823e-07 -6.24574e-07)             (0.194859 2.52545e-06 4.86846e-07)
          1.9             (0.194867 2.97554e-07 -1.04553e-06)             (0.194857 3.14084e-06 3.04427e-07)
      1.90769             (0.194867 -3.47424e-07 -1.39387e-06)             (0.194857 3.63504e-06 1.09557e-07)
      1.91538             (0.194868 -3.09297e-07 -1.37204e-06)             (0.194856 4.2202e-06 -8.64542e-08)
      1.92308             (0.194868 -1.1025e-06 -1.37759e-06)             (0.194855 4.4936e-06 -2.58054e-07)
      1.93077             (0.194868 -8.72479e-07 -1.30782e-06)             (0.194854 4.92791e-06 -3.80702e-07)
      1.93846             (0.194869 -1.36128e-06 -1.62927e-06)             (0.194854 4.92734e-06 -4.66473e-07)
      1.94615             (0.19487 -1.43099e-06 -2.00073e-06)             (0.194853 5.02431e-06 -4.90364e-07)
      1.95385             (0.19487 -2.2543e-06 -2.28739e-06)             (0.194853 4.62977e-06 -4.72927e-07)
      1.96154             (0.194871 -1.81655e-06 -2.41353e-06)             (0.194852 4.2283e-06 -4.22103e-07)
      1.96923             (0.194872 -2.35132e-06 -2.75405e-06)             (0.194853 3.44075e-06 -3.33805e-07)
      1.97692             (0.194873 -2.29062e-06 -2.89888e-06)             (0.194853 2.59102e-06 -2.63278e-07)
      1.98462             (0.194874 -2.87091e-06 -3.28324e-06)             (0.194854 1.4422e-06 -1.98908e-07)
      1.99231             (0.194876 -3.27499e-06 -3.8721e-06)             (0.194854 3.29952e-07 -1.0741e-07)
            2             (0.194877 -4.68222e-06 -4.59306e-06)             (0.194856 -1.11984e-06 -7.35416e-10)
      2.00769             (0.194879 -4.97712e-06 -5.40611e-06)             (0.194857 -2.40787e-06 1.07893e-07)
      2.01538             (0.19488 -6.54284e-06 -5.87214e-06)             (0.194859 -3.95513e-06 2.05411e-07)
      2.02308             (0.194882 -6.99514e-06 -6.4326e-06)             (0.194861 -5.24767e-06 2.84996e-07)
      2.03077             (0.194883 -8.5794e-06 -6.71861e-06)             (0.194864 -6.84702e-06 3.92364e-07)
      2.03846             (0.194885 -8.95742e-06 -6.78996e-06)             (0.194866 -8.17892e-06 5.7772e-07)
      2.04615             (0.194885 -9.71737e-06 -6.77309e-06)             (0.194869 -9.70172e-06 7.79596e-07)
      2.05385             (0.194886 -9.29042e-06 -6.66198e-06)             (0.194871 -1.08516e-05 9.70383e-07)
      2.06154             (0.194886 -9.39991e-06 -6.3952e-06)             (0.194875 -1.21057e-05 1.15396e-06)
      2.06923             (0.194887 -8.46696e-06 -5.93702e-06)             (0.194878 -1.296e-05 1.29652e-06)
      2.07692             (0.194887 -7.87433e-06 -5.3354e-06)             (0.194881 -1.36712e-05 1.37557e-06)
      2.08462             (0.194887 -6.55279e-06 -4.79948e-06)             (0.194884 -1.39593e-05 1.37456e-06)
      2.09231             (0.194887 -5.43316e-06 -4.35327e-06)             (0.194887 -1.39089e-05 1.2644e-06)
          2.1             (0.194887 -3.42955e-06 -3.81045e-06)             (0.194889 -1.33319e-05 1.03577e-06)
      2.10769             (0.194888 -2.0946e-06 -3.23606e-06)             (0.194891 -1.24557e-05 6.81026e-07)
      2.11538             (0.194889 1.60181e-07 -2.6703e-06)             (0.194892 -1.08522e-05 2.01028e-07)
      2.12308             (0.194889 1.43118e-06 -1.99182e-06)             (0.194894 -9.14816e-06 -3.5711e-07)
      2.13077             (0.19489 3.71288e-06 -1.26913e-06)             (0.194894 -6.74456e-06 -9.75886e-07)
      2.13846             (0.194891 5.36189e-06 -4.11293e-07)             (0.194895 -4.39485e-06 -1.61315e-06)
      2.14615             (0.194892 7.50022e-06 4.19403e-07)             (0.194894 -1.60853e-06 -2.2353e-06)
      2.15385             (0.194893 8.42684e-06 1.19613e-06)             (0.194893 9.63254e-07 -2.80543e-06)
      2.16154             (0.194895 1.03501e-05 2.08819e-06)             (0.194892 3.71949e-06 -3.27785e-06)
      2.16923             (0.194896 1.1324e-05 2.76653e-06)             (0.19489 6.05724e-06 -3.61321e-06)
      2.17692             (0.194898 1.23382e-05 3.17615e-06)             (0.194889 8.22394e-06 -3.79647e-06)
      2.18462             (0.194899 1.20417e-05 3.33123e-06)             (0.194887 9.85063e-06 -3.81603e-06)
      2.19231             (0.194901 1.20792e-05 3.17485e-06)             (0.194885 1.12438e-05 -3.64737e-06)
          2.2             (0.194903 1.06031e-05 2.70316e-06)             (0.194884 1.19355e-05 -3.30639e-06)
      2.20769             (0.194904 9.48315e-06 1.83641e-06)             (0.194882 1.22664e-05 -2.78068e-06)
      2.21538             (0.194906 7.53765e-06 7.72924e-07)             (0.194882 1.18799e-05 -2.07814e-06)
      2.22308             (0.194908 5.8466e-06 -3.50133e-07)             (0.194881 1.12609e-05 -1.22675e-06)
      2.23077             (0.194911 3.45708e-06 -1.30031e-06)             (0.194881 9.88322e-06 -2.57801e-07)
      2.23846             (0.194913 1.94625e-06 -2.04628e-06)             (0.194881 8.4141e-06 7.89402e-07)
      2.24615             (0.194915 -3.71706e-07 -2.78603e-06)             (0.194882 6.35203e-06 1.87396e-06)
      2.25385             (0.194916 -1.49525e-06 -3.49508e-06)             (0.194882 4.31769e-06 2.95794e-06)
      2.26154             (0.194917 -3.69956e-06 -4.24459e-06)             (0.194884 1.94958e-06 4.00433e-06)
      2.26923             (0.194918 -4.51189e-06 -4.87797e-06)             (0.194886 -1.73278e-07 4.77434e-06)
      2.27692             (0.194918 -6.10703e-06 -5.21815e-06)             (0.194888 -2.28978e-06 5.53225e-06)
      2.28462             (0.194918 -6.63141e-06 -5.31724e-06)             (0.19489 -3.99667e-06 6.3632e-06)
      2.29231             (0.194917 -7.54244e-06 -5.24114e-06)             (0.194892 -5.46868e-06 6.97636e-06)
          2.3             (0.194916 -7.47982e-06 -5.00957e-06)             (0.194894 -6.25211e-06 7.35757e-06)
      2.30769             (0.194914 -7.68907e-06 -4.6139e-06)             (0.194896 -6.6959e-06 7.37416e-06)
      2.31538             (0.194913 -6.98725e-06 -4.18044e-06)             (0.194896 -6.33912e-06 7.00788e-06)
      2.32308             (0.194911 -6.62493e-06 -3.74798e-06)             (0.194897 -5.66172e-06 6.27643e-06)
      2.33077             (0.194909 -5.40527e-06 -3.31883e-06)             (0.194896 -4.26618e-06 5.23006e-06)
      2.33846             (0.194907 -4.44467e-06 -2.82e-06)             (0.194896 -2.75047e-06 3.95474e-06)
      2.34615             (0.194905 -2.3426e-06 -1.97454e-06)             (0.194894 -7.01671e-07 2.53209e-06)
      2.35385             (0.194904 -1.56023e-06 -1.01605e-06)             (0.194892 1.11547e-06 1.05306e-06)
      2.36154             (0.194903 3.17714e-07 -3.06145e-07)             (0.194889 3.07671e-06 -3.52327e-07)
      2.36923             (0.194903 1.00848e-06 2.56227e-07)             (0.194887 4.5461e-06 -1.60792e-06)
      2.37692             (0.194903 2.23186e-06 6.83768e-07)             (0.194885 5.72131e-06 -2.62445e-06)
      2.38462             (0.194904 2.65101e-06 9.07106e-07)             (0.194883 6.26402e-06 -3.20394e-06)
      2.39231             (0.194906 3.17204e-06 9.21058e-07)             (0.194881 6.35777e-06 -3.40705e-06)
          2.4             (0.194907 2.68595e-06 7.35374e-07)             (0.194881 5.73194e-06 -3.31219e-06)
      2.40769             (0.194909 2.6691e-06 2.77949e-07)             (0.194881 4.77844e-06 -2.8165e-06)
      2.41538             (0.194912 1.51073e-06 -3.96015e-07)             (0.194883 3.23519e-06 -1.9667e-06)
      2.42308             (0.194914 9.65156e-07 -1.3312e-06)             (0.194884 1.6705e-06 -7.96558e-07)
      2.43077             (0.194917 -2.94153e-07 -2.18254e-06)             (0.194888 -3.27208e-07 6.72973e-07)
      2.43846             (0.19492 -4.55605e-07 -2.61708e-06)             (0.194892 -1.98223e-06 2.32442e-06)
      2.44615             (0.194922 -8.08273e-07 -2.7198e-06)             (0.194897 -3.67457e-06 4.09313e-06)
      2.45385             (0.194924 1.07155e-07 -2.59818e-06)             (0.194903 -4.69785e-06 5.92266e-06)
      2.46154             (0.194925 3.64126e-07 -2.41343e-06)             (0.194909 -5.4429e-06 7.63699e-06)
      2.46923             (0.194926 1.62436e-06 -1.9764e-06)             (0.194914 -5.38845e-06 9.14879e-06)
      2.47692             (0.194927 2.42938e-06 -1.37384e-06)             (0.19492 -4.91581e-06 1.03045e-05)
      2.48462             (0.194928 4.09869e-06 -7.35462e-07)             (0.194925 -3.60994e-06 1.09755e-05)
      2.49231             (0.194928 5.25584e-06 -9.22476e-08)             (0.19493 -1.91752e-06 1.11431e-05)
          2.5             (0.194929 7.12225e-06 2.7621e-07)             (0.194933 3.77771e-07 1.07566e-05)
      2.50769             (0.194928 7.87384e-06 7.19168e-07)             (0.194936 2.7208e-06 9.852e-06)
      2.51538             (0.194928 9.52703e-06 1.23982e-06)             (0.194938 5.28647e-06 8.45377e-06)
      2.52308             (0.194928 9.77399e-06 1.45588e-06)             (0.194938 7.5214e-06 6.62735e-06)
      2.53077             (0.194928 1.03e-05 1.54322e-06)             (0.194938 9.61844e-06 4.48244e-06)
      2.53846             (0.194927 9.3392e-06 1.40208e-06)             (0.194937 1.09071e-05 2.17825e-06)
      2.54615             (0.194926 8.69659e-06 1.05295e-06)             (0.194934 1.16845e-05 -1.24854e-07)
      2.55385             (0.194926 6.53325e-06 6.27506e-07)             (0.194933 1.12969e-05 -2.27369e-06)
      2.56154             (0.194926 4.70229e-06 9.80075e-08)             (0.19493 1.03601e-05 -4.22238e-06)
      2.56923             (0.194925 1.63397e-06 -3.6435e-07)             (0.194929 8.36187e-06 -5.91712e-06)
      2.57692             (0.194925 -1.14185e-06 -8.25416e-07)             (0.194927 5.8894e-06 -7.25071e-06)
      2.58462             (0.194926 -4.52736e-06 -1.22531e-06)             (0.194926 2.73115e-06 -8.16611e-06)
      2.59231             (0.194926 -6.87455e-06 -1.64714e-06)             (0.194926 -5.49419e-07 -8.65395e-06)
          2.6             (0.194926 -9.35508e-06 -2.04872e-06)             (0.194926 -4.04312e-06 -8.74748e-06)
      2.60769             (0.194927 -1.04136e-05 -1.93429e-06)             (0.194927 -7.14732e-06 -8.48918e-06)
      2.61538             (0.194927 -1.144e-05 -1.45339e-06)             (0.194929 -9.93876e-06 -7.96683e-06)
      2.62308             (0.194928 -1.05991e-05 -8.56713e-07)             (0.194931 -1.17883e-05 -7.24956e-06)
      2.63077             (0.194928 -9.84553e-06 -2.19127e-07)             (0.194934 -1.30231e-05 -6.37337e-06)
      2.63846             (0.194929 -7.31373e-06 4.44577e-07)             (0.194936 -1.30334e-05 -5.46011e-06)
      2.64615             (0.194929 -5.03359e-06 1.11016e-06)             (0.194938 -1.23498e-05 -4.6372e-06)
      2.65385             (0.19493 -1.48806e-06 1.88533e-06)             (0.194939 -1.03029e-05 -3.94523e-06)
      2.66154             (0.194931 1.11995e-06 2.60271e-06)             (0.19494 -7.95933e-06 -3.41594e-06)
      2.66923             (0.194932 4.08129e-06 3.04163e-06)             (0.194939 -5.0532e-06 -3.07048e-06)
      2.67692             (0.194933 5.64841e-06 3.19239e-06)             (0.194938 -2.11077e-06 -2.89221e-06)
      2.68462             (0.194934 7.48591e-06 2.99345e-06)             (0.194936 9.25775e-07 -2.87757e-06)
      2.69231             (0.194936 7.90958e-06 2.60713e-06)             (0.194934 3.56649e-06 -2.98136e-06)
          2.7             (0.194937 8.07312e-06 2.09196e-06)             (0.194932 5.79822e-06 -3.11738e-06)
      2.70769             (0.194938 6.58328e-06 1.4268e-06)             (0.19493 7.19603e-06 -3.23577e-06)
      2.71538             (0.19494 5.11523e-06 5.88011e-07)             (0.194928 7.99396e-06 -3.27785e-06)
      2.72308             (0.194941 2.49723e-06 -4.0951e-07)             (0.194927 7.72513e-06 -3.15999e-06)
      2.73077             (0.194942 5.20514e-07 -1.41318e-06)             (0.194926 6.97291e-06 -2.84138e-06)
      2.73846             (0.194942 -2.23886e-06 -2.35093e-06)             (0.194927 5.34482e-06 -2.32048e-06)
      2.74615             (0.194943 -3.52063e-06 -3.28357e-06)             (0.194928 3.64526e-06 -1.5659e-06)
      2.75385             (0.194942 -4.83449e-06 -4.2683e-06)             (0.194931 1.45858e-06 -6.06321e-07)
      2.76154             (0.194942 -4.27571e-06 -4.88165e-06)             (0.194933 -3.4247e-07 4.90582e-07)
      2.76923             (0.194941 -3.74848e-06 -4.92793e-06)             (0.194936 -2.09686e-06 1.70062e-06)
      2.77692             (0.194939 -1.40757e-06 -4.73192e-06)             (0.194938 -3.17892e-06 2.97911e-06)
      2.78462             (0.194938 7.12222e-07 -4.2892e-06)             (0.19494 -3.78362e-06 4.23375e-06)
      2.79231             (0.194936 3.98992e-06 -3.72911e-06)             (0.194942 -3.52238e-06 5.40336e-06)
          2.8             (0.194935 6.55841e-06 -3.10244e-06)             (0.194942 -2.77299e-06 6.4391e-06)
      2.80769             (0.194934 9.39968e-06 -2.63576e-06)             (0.194941 -1.22422e-06 7.26269e-06)
      2.81538             (0.194934 1.12215e-05 -2.16783e-06)             (0.19494 6.55696e-07 7.83416e-06)
      2.82308             (0.194935 1.3129e-05 -1.51798e-06)             (0.194937 2.9036e-06 8.14311e-06)
      2.83077             (0.194935 1.35574e-05 -1.0186e-06)             (0.194933 4.92003e-06 8.16545e-06)
      2.83846             (0.194937 1.37454e-05 -7.11707e-07)             (0.194929 6.97893e-06 7.91288e-06)
      2.84615             (0.194939 1.19192e-05 -6.99104e-07)             (0.194924 8.33312e-06 7.43264e-06)
      2.85385             (0.194941 1.00013e-05 -8.73591e-07)             (0.19492 9.41752e-06 6.77039e-06)
      2.86154             (0.194943 6.32198e-06 -1.03966e-06)             (0.194917 9.51562e-06 5.9765e-06)
      2.86923             (0.194945 3.03025e-06 -1.15889e-06)             (0.194913 9.29783e-06 5.09362e-06)
      2.87692             (0.194947 -1.42298e-06 -1.25694e-06)             (0.194913 8.21163e-06 4.20033e-06)
      2.88462             (0.194947 -4.97014e-06 -1.32748e-06)             (0.194912 6.83045e-06 3.34807e-06)
      2.89231             (0.194948 -8.77266e-06 -1.44936e-06)             (0.194915 4.96763e-06 2.57218e-06)
          2.9             (0.194947 -1.09665e-05 -1.34462e-06)             (0.194918 3.02838e-06 1.91988e-06)
      2.90769             (0.194946 -1.31384e-05 -6.4299e-07)             (0.194923 9.9936e-07 1.35694e-06)
      2.91538             (0.194945 -1.33093e-05 3.56429e-07)             (0.194928 -6.93524e-07 8.60304e-07)
      2.92308             (0.194943 -1.29767e-05 1.3832e-06)             (0.194935 -2.32815e-06 4.35225e-07)
      2.93077             (0.19494 -1.08396e-05 2.20991e-06)             (0.19494 -3.38047e-06 1.01323e-07)
      2.93846             (0.194938 -8.3313e-06 2.84327e-06)             (0.194947 -4.32545e-06 -2.02625e-07)
      2.94615             (0.194936 -4.44535e-06 3.31294e-06)             (0.194951 -4.63335e-06 -4.65697e-07)
      2.95385             (0.194934 -8.10436e-07 3.43997e-06)             (0.194955 -4.97895e-06 -5.44182e-07)
      2.96154             (0.194933 3.62112e-06 3.03217e-06)             (0.194957 -4.98221e-06 -6.11287e-07)
      2.96923             (0.194933 6.76171e-06 2.3376e-06)             (0.194959 -5.18372e-06 -6.94013e-07)
      2.97692             (0.194933 1.03581e-05 1.5818e-06)             (0.194958 -5.15007e-06 -6.62756e-07)
      2.98462             (0.194933 1.20176e-05 5.6558e-07)             (0.194956 -5.41675e-06 -5.53899e-07)
      2.99231             (0.194934 1.33945e-05 -6.54688e-07)             (0.194954 -5.61756e-06 -3.54844e-07)
            3             (0.194935 1.26591e-05 -1.94337e-06)             (0.194951 -6.0501e-06 -9.18041e-08)
      3.00769             (0.194936 1.13003e-05 -3.15195e-06)             (0.194948 -6.24676e-06 2.1641e-07)
      3.01538             (0.194938 8.22442e-06 -4.17753e-06)             (0.194945 -6.46482e-06 5.18485e-07)
      3.02308             (0.194939 5.15545e-06 -4.87016e-06)             (0.194943 -6.23605e-06 7.48996e-07)
      3.03077             (0.194939 1.05808e-06 -5.23054e-06)             (0.194942 -5.79015e-06 8.91617e-07)
      3.03846             (0.19494 -2.28476e-06 -5.24294e-06)             (0.194941 -4.62196e-06 7.23544e-07)
      3.04615             (0.19494 -5.35098e-06 -4.78112e-06)             (0.194942 -3.06003e-06 4.59357e-07)
      3.05385             (0.194939 -6.68883e-06 -4.01454e-06)             (0.194943 -6.67579e-07 1.72128e-07)
      3.06154             (0.194939 -8.27251e-06 -2.99412e-06)             (0.194945 1.86869e-06 -3.8508e-07)
      3.06923             (0.194938 -7.75782e-06 -1.86535e-06)             (0.194946 5.0331e-06 -1.07938e-06)
      3.07692             (0.194937 -6.93536e-06 -7.60235e-07)             (0.194948 7.9658e-06 -1.924e-06)
      3.08462             (0.194937 -4.23136e-06 1.75634e-07)             (0.194948 1.09147e-05 -2.87492e-06)
      3.09231             (0.194937 -1.73918e-06 8.11836e-07)             (0.194949 1.31573e-05 -3.79806e-06)
          3.1             (0.194937 1.66073e-06 1.09066e-06)             (0.194948 1.4821e-05 -4.58024e-06)
      3.10769             (0.194938 4.07691e-06 1.15682e-06)             (0.194948 1.52951e-05 -5.09502e-06)
      3.11538             (0.194941 6.99937e-06 7.90374e-07)             (0.194946 1.48115e-05 -5.27075e-06)
      3.12308             (0.194943 8.34799e-06 9.56467e-08)             (0.194944 1.29526e-05 -5.07704e-06)
      3.13077             (0.194947 9.35626e-06 -5.70189e-07)             (0.194943 1.021e-05 -4.45335e-06)
      3.13846             (0.194951 8.52328e-06 -1.47229e-06)             (0.194942 6.39674e-06 -3.48709e-06)
      3.14615             (0.194955 7.51345e-06 -2.36774e-06)             (0.194942 2.26243e-06 -2.10851e-06)
      3.15385             (0.19496 5.06802e-06 -3.09767e-06)             (0.194943 -2.21766e-06 -3.14045e-07)
      3.16154             (0.194964 2.88244e-06 -3.51364e-06)             (0.194946 -6.22747e-06 1.64557e-06)
      3.16923             (0.194967 -5.57495e-08 -3.766e-06)             (0.19495 -9.76046e-06 3.67053e-06)
      3.17692             (0.19497 -1.87503e-06 -3.52697e-06)             (0.194954 -1.20357e-05 5.64043e-06)
      3.18462             (0.194972 -3.84915e-06 -2.63719e-06)             (0.194961 -1.32537e-05 7.36672e-06)
      3.19231             (0.194973 -4.26054e-06 -1.55291e-06)             (0.194967 -1.284e-05 8.72999e-06)
          3.2             (0.194973 -4.51235e-06 -2.35914e-07)             (0.194974 -1.12836e-05 9.59164e-06)
      3.20769             (0.194973 -3.26777e-06 1.08138e-06)             (0.19498 -8.32787e-06 9.81973e-06)
      3.21538             (0.194971 -2.33508e-06 2.28283e-06)             (0.194985 -4.67303e-06 9.4986e-06)
      3.22308             (0.194969 -2.66611e-07 2.94415e-06)             (0.194988 -1.99104e-07 8.63704e-06)
      3.23077             (0.194967 9.67458e-07 3.22542e-06)             (0.194991 4.05232e-06 7.23193e-06)
      3.23846             (0.194964 2.69375e-06 3.10195e-06)             (0.194991 8.22848e-06 5.47389e-06)
      3.24615             (0.194961 2.89785e-06 2.48522e-06)             (0.19499 1.15752e-05 3.4553e-06)
      3.25385             (0.194958 3.61528e-06 1.66295e-06)             (0.194987 1.4131e-05 1.38109e-06)
      3.26154             (0.194954 3.06507e-06 5.40216e-07)             (0.194984 1.53049e-05 -5.29824e-07)
      3.26923             (0.19495 2.56131e-06 -7.79278e-07)             (0.194979 1.54263e-05 -2.2411e-06)
      3.27692             (0.194946 9.65215e-07 -2.18594e-06)             (0.194975 1.41948e-05 -3.7707e-06)
      3.28462             (0.194942 8.99699e-09 -3.42199e-06)             (0.19497 1.21954e-05 -4.90652e-06)
      3.29231             (0.194937 -1.8762e-06 -4.41962e-06)             (0.194967 9.12923e-06 -5.51878e-06)
          3.3             (0.194933 -2.75569e-06 -5.16566e-06)             (0.194964 5.95241e-06 -5.77541e-06)
      3.30769             (0.194928 -3.71534e-06 -5.52137e-06)             (0.194963 2.52361e-06 -5.72574e-06)
      3.31538             (0.194925 -3.27106e-06 -5.04894e-06)             (0.194963 -5.06211e-07 -5.43126e-06)
      3.32308             (0.194922 -3.21151e-06 -4.32568e-06)             (0.194964 -3.14731e-06 -5.03032e-06)
      3.33077             (0.19492 -1.77071e-06 -3.30343e-06)             (0.194964 -4.8417e-06 -4.66294e-06)
      3.33846             (0.194919 -9.23295e-07 -1.78683e-06)             (0.194967 -6.07342e-06 -4.36331e-06)
      3.34615             (0.19492 1.08424e-06 -5.78806e-07)             (0.194968 -6.41594e-06 -4.15507e-06)
      3.35385             (0.194922 2.26169e-06 3.99768e-07)             (0.194971 -6.44826e-06 -4.07156e-06)
      3.36154             (0.194927 3.96632e-06 1.2085e-06)             (0.194973 -5.90064e-06 -4.10414e-06)
      3.36923             (0.194932 4.44499e-06 1.65718e-06)             (0.194975 -5.40409e-06 -4.19244e-06)
      3.37692             (0.194939 5.12082e-06 1.63197e-06)             (0.194977 -4.78076e-06 -4.27795e-06)
      3.38462             (0.194948 4.29759e-06 1.08472e-06)             (0.19498 -4.43931e-06 -4.28459e-06)
      3.39231             (0.194956 3.73844e-06 1.51585e-07)             (0.194982 -3.97848e-06 -4.11137e-06)
          3.4             (0.194965 1.74138e-06 -9.59932e-07)             (0.194985 -3.94118e-06 -3.80546e-06)
      3.40769             (0.194973 2.21166e-07 -2.1267e-06)             (0.194987 -3.67853e-06 -3.2727e-06)
      3.41538             (0.194981 -2.02834e-06 -3.32718e-06)             (0.194991 -3.66175e-06 -2.28219e-06)
      3.42308             (0.194987 -3.36002e-06 -4.13859e-06)             (0.194994 -3.23109e-06 -9.42155e-07)
      3.43077             (0.194992 -5.10127e-06 -4.56392e-06)             (0.194997 -2.81294e-06 6.23598e-07)
      3.43846             (0.194995 -5.60454e-06 -4.30142e-06)             (0.195 -2.0436e-06 2.31257e-06)
      3.44615             (0.194996 -6.08344e-06 -3.21073e-06)             (0.195002 -1.04603e-06 3.98243e-06)
      3.45385             (0.194996 -5.02958e-06 -1.8235e-06)             (0.195003 5.37376e-07 5.60423e-06)
      3.46154             (0.194994 -4.19034e-06 -2.46633e-07)             (0.195003 2.10217e-06 6.95036e-06)
      3.46923             (0.194991 -1.94822e-06 1.2431e-06)             (0.195 3.79602e-06 7.9039e-06)
      3.47692             (0.194988 -2.65142e-07 2.59121e-06)             (0.194996 4.97615e-06 8.37711e-06)
      3.48462             (0.194984 2.38692e-06 3.8044e-06)             (0.19499 6.00042e-06 8.23744e-06)
      3.49231             (0.19498 4.04363e-06 4.5264e-06)             (0.194983 6.09301e-06 7.50912e-06)
          3.5             (0.194977 6.50804e-06 4.66532e-06)             (0.194974 5.81019e-06 6.22031e-06)
      3.50769             (0.194974 7.42138e-06 4.41135e-06)             (0.194966 4.53277e-06 4.44219e-06)
      3.51538             (0.194971 8.31919e-06 3.72399e-06)             (0.194957 2.83978e-06 2.28816e-06)
      3.52308             (0.194968 7.92032e-06 2.74264e-06)             (0.19495 6.21329e-07 -7.46419e-08)
      3.53077             (0.194965 7.42374e-06 1.59512e-06)             (0.194944 -1.56458e-06 -2.47802e-06)
      3.53846             (0.194963 5.63027e-06 3.92383e-07)             (0.19494 -3.81358e-06 -4.69992e-06)
      3.54615             (0.19496 4.4609e-06 -7.53084e-07)             (0.194938 -5.44406e-06 -6.56416e-06)
      3.55385             (0.194958 2.21863e-06 -1.68562e-06)             (0.194939 -6.6004e-06 -7.8672e-06)
      3.56154             (0.194955 8.39873e-07 -2.30101e-06)             (0.194941 -6.63852e-06 -8.50716e-06)
      3.56923             (0.194953 -1.00248e-06 -2.64716e-06)             (0.194945 -5.95147e-06 -8.38568e-06)
      3.57692             (0.19495 -1.63642e-06 -2.72245e-06)             (0.19495 -4.12202e-06 -7.40125e-06)
      3.58462             (0.194948 -2.58948e-06 -2.17556e-06)             (0.194955 -1.80741e-06 -5.68187e-06)
      3.59231             (0.194946 -2.0293e-06 -1.45591e-06)             (0.194959 1.2942e-06 -3.3682e-06)
          3.6             (0.194945 -1.99364e-06 -1.10567e-06)             (0.194962 4.25237e-06 -6.32598e-07)
      3.60769             (0.194944 -8.64442e-07 -1.0002e-06)             (0.194962 7.13989e-06 2.25289e-06)
      3.61538             (0.194944 -1.46504e-07 -1.08715e-06)             (0.194961 9.21916e-06 5.10235e-06)
      3.62308             (0.194945 8.61808e-07 -1.22071e-06)             (0.194957 1.05981e-05 7.64488e-06)
      3.63077             (0.194946 1.30037e-06 -1.43145e-06)             (0.194951 1.07812e-05 9.61122e-06)
      3.63846             (0.194949 2.02692e-06 -2.06405e-06)             (0.194944 1.00957e-05 1.08282e-05)
      3.64615             (0.194952 1.49071e-06 -2.89138e-06)             (0.194937 8.19175e-06 1.11077e-05)
      3.65385             (0.194956 1.64154e-06 -3.18537e-06)             (0.194929 5.57762e-06 1.04289e-05)
      3.66154             (0.19496 6.74822e-07 -3.17635e-06)             (0.194924 2.31762e-06 8.84418e-06)
      3.66923             (0.194963 4.6899e-07 -3.16658e-06)             (0.194919 -7.40669e-07 6.46623e-06)
      3.67692             (0.194966 -4.47673e-07 -3.36034e-06)             (0.194918 -3.66626e-06 3.50968e-06)
      3.68462             (0.194969 -2.0674e-07 -3.22161e-06)             (0.194918 -5.52586e-06 2.5083e-07)
      3.69231             (0.19497 -7.69848e-07 -2.30049e-06)             (0.194922 -6.64118e-06 -3.0048e-06)
          3.7             (0.194971 5.9726e-08 -1.14709e-06)             (0.194928 -6.28405e-06 -5.92745e-06)
      3.70769             (0.194971 8.27524e-08 1.73239e-07)             (0.194936 -5.02521e-06 -8.21938e-06)
      3.71538             (0.19497 1.03653e-06 1.40665e-06)             (0.194944 -2.58134e-06 -9.67228e-06)
      3.72308             (0.194969 1.56784e-06 2.4206e-06)             (0.194953 3.19312e-07 -1.0169e-05)
      3.73077             (0.194967 2.92552e-06 3.27787e-06)             (0.194961 3.64872e-06 -9.67719e-06)
      3.73846             (0.194965 3.46007e-06 3.66829e-06)             (0.194967 6.40199e-06 -8.26959e-06)
      3.74615             (0.194962 4.05057e-06 3.96397e-06)             (0.194971 8.59945e-06 -6.12761e-06)
      3.75385             (0.19496 3.43432e-06 3.96312e-06)             (0.194974 9.49739e-06 -3.53807e-06)
      3.76154             (0.194959 3.45978e-06 3.29407e-06)             (0.194973 9.29105e-06 -9.55743e-07)
      3.76923             (0.194958 2.0909e-06 2.40189e-06)             (0.194972 7.51444e-06 1.48372e-06)
      3.77692             (0.194957 1.16042e-06 1.32888e-06)             (0.194968 4.65104e-06 3.6417e-06)
      3.78462             (0.194957 -1.18737e-06 3.83208e-08)             (0.194965 5.68681e-07 5.15318e-06)
      3.79231             (0.194957 -2.72645e-06 -1.3291e-06)             (0.19496 -3.73211e-06 5.8858e-06)
          3.8             (0.194957 -4.48599e-06 -2.14677e-06)             (0.194958 -8.31277e-06 5.79543e-06)
      3.80769             (0.194958 -5.2966e-06 -2.61295e-06)             (0.194956 -1.22183e-05 4.94004e-06)
      3.81538             (0.194959 -6.44148e-06 -3.05398e-06)             (0.194957 -1.5464e-05 3.4744e-06)
      3.82308             (0.194961 -6.16577e-06 -3.09994e-06)             (0.194958 -1.72721e-05 1.59842e-06)
      3.83077             (0.194963 -6.36213e-06 -2.84684e-06)             (0.194962 -1.78759e-05 -4.43284e-07)
      3.83846             (0.194964 -5.57384e-06 -2.29899e-06)             (0.194967 -1.69074e-05 -2.39474e-06)
      3.84615             (0.194966 -5.42554e-06 -1.52875e-06)             (0.194974 -1.49332e-05 -3.94497e-06)
      3.85385             (0.194968 -4.307e-06 -8.09938e-07)             (0.194979 -1.19019e-05 -4.88831e-06)
      3.86154             (0.194971 -3.90788e-06 -8.53778e-08)             (0.194985 -8.58773e-06 -5.14612e-06)
      3.86923             (0.194972 -2.64671e-06 4.88029e-07)             (0.194989 -5.09367e-06 -4.66531e-06)
      3.87692             (0.194974 -2.65946e-06 7.38866e-07)             (0.194992 -2.29228e-06 -3.54596e-06)
      3.88462             (0.194976 -1.96879e-06 7.26865e-07)             (0.194992 -5.47908e-08 -2.06666e-06)
      3.89231             (0.194976 -1.74498e-06 4.94795e-07)             (0.194992 9.37245e-07 -3.33672e-07)
          3.9             (0.194977 -1.59232e-06 1.57185e-07)             (0.194988 1.04366e-06 1.58825e-06)
      3.90769             (0.194977 -1.98838e-06 -3.33612e-08)             (0.194984 -8.29901e-08 3.36631e-06)
      3.91538             (0.194976 -1.37795e-06 -2.64096e-07)             (0.194979 -1.66883e-06 4.74938e-06)
      3.92308             (0.194975 -1.56032e-06 -7.53312e-07)             (0.194974 -3.91325e-06 5.57902e-06)
      3.93077             (0.194973 -7.96287e-07 -9.19324e-07)             (0.194968 -5.79137e-06 5.74444e-06)
      3.93846             (0.19497 -7.84242e-07 -6.26626e-07)             (0.194963 -7.48701e-06 5.28292e-06)
      3.94615             (0.194967 8.01604e-07 -2.21403e-07)             (0.194959 -8.18952e-06 4.32333e-06)
      3.95385             (0.194965 1.64984e-06 2.55707e-07)             (0.194956 -8.13449e-06 2.99721e-06)
      3.96154             (0.194963 3.30657e-06 5.132e-07)             (0.194954 -6.94765e-06 1.49498e-06)
      3.96923             (0.194961 4.12993e-06 6.08721e-07)             (0.194954 -5.04915e-06 5.69687e-08)
      3.97692             (0.194961 5.76046e-06 9.13178e-07)             (0.194955 -2.28451e-06 -1.1271e-06)
      3.98462             (0.194961 6.02072e-06 1.06525e-06)             (0.194956 6.25657e-07 -1.87894e-06)
      3.99231             (0.194962 6.57005e-06 9.29664e-07)             (0.194958 3.73885e-06 -2.08391e-06)
            4             (0.194963 5.84234e-06 5.95948e-07)             (0.194961 6.22073e-06 -1.67267e-06)
      4.00769             (0.194965 5.34179e-06 3.20795e-08)             (0.194962 8.28655e-06 -7.07461e-07)
      4.01538             (0.194967 3.42578e-06 -6.4567e-07)             (0.194965 9.17824e-06 6.56455e-07)
      4.02308             (0.194969 1.8906e-06 -1.41157e-06)             (0.194966 9.37119e-06 2.21682e-06)
      4.03077             (0.19497 -2.8406e-07 -1.99645e-06)             (0.194967 8.39608e-06 3.77791e-06)
      4.03846             (0.194971 -1.61757e-06 -2.20181e-06)             (0.194967 6.84294e-06 5.15769e-06)
      4.04615             (0.194971 -3.80695e-06 -1.94372e-06)             (0.194967 4.6017e-06 6.21047e-06)
      4.05385             (0.19497 -4.75371e-06 -1.27875e-06)             (0.194966 2.21759e-06 6.81986e-06)
      4.06154             (0.194969 -6.0951e-06 -5.34492e-07)             (0.194965 -2.84728e-07 6.8966e-06)
      4.06923             (0.194967 -6.22544e-06 4.65301e-07)             (0.194963 -2.31678e-06 6.41224e-06)
      4.07692             (0.194964 -6.57061e-06 1.72795e-06)             (0.194961 -4.09736e-06 5.39479e-06)
      4.08462             (0.194962 -5.43487e-06 2.88187e-06)             (0.194959 -5.13747e-06 3.96014e-06)
      4.09231             (0.194959 -4.81775e-06 3.9558e-06)             (0.194957 -5.85327e-06 2.21556e-06)
          4.1             (0.194958 -3.08868e-06 4.55735e-06)             (0.194955 -5.85424e-06 3.51319e-07)
      4.10769             (0.194957 -2.06783e-06 4.66507e-06)             (0.194954 -5.76357e-06 -1.47428e-06)
      4.11538             (0.194957 -4.28388e-07 4.11026e-06)             (0.194954 -5.21444e-06 -3.1316e-06)
      4.12308             (0.194958 4.36748e-07 3.29638e-06)             (0.194955 -4.87539e-06 -4.46683e-06)
      4.13077             (0.19496 1.55455e-06 2.14886e-06)             (0.194957 -4.33096e-06 -5.3736e-06)
      4.13846             (0.194963 1.69103e-06 8.2249e-07)             (0.194961 -4.20927e-06 -5.78577e-06)
      4.14615             (0.194966 2.37039e-06 -5.46475e-07)             (0.194965 -4.00772e-06 -5.74553e-06)
      4.15385             (0.19497 1.76119e-06 -1.77493e-06)             (0.19497 -4.06863e-06 -5.34037e-06)
      4.16154             (0.194974 1.79708e-06 -2.50711e-06)             (0.194975 -3.93926e-06 -4.66855e-06)
      4.16923             (0.194978 6.98578e-07 -3.05795e-06)             (0.19498 -3.83223e-06 -3.77353e-06)
      4.17692             (0.194981 3.76225e-07 -2.90782e-06)             (0.194984 -3.25058e-06 -2.82455e-06)
      4.18462             (0.194983 -8.52601e-07 -2.27116e-06)             (0.194987 -2.6004e-06 -1.93062e-06)
      4.19231             (0.194985 -1.29336e-06 -1.43235e-06)             (0.194988 -1.44478e-06 -1.0992e-06)
          4.2             (0.194985 -2.1023e-06 -3.75697e-07)             (0.194988 -2.31758e-07 -4.04291e-07)
      4.20769             (0.194985 -1.90346e-06 8.08471e-07)             (0.194985 1.34152e-06 1.81546e-07)
      4.21538             (0.194983 -2.77739e-06 1.86605e-06)             (0.194981 2.56933e-06 7.06906e-07)
      4.22308             (0.194982 -2.73057e-06 2.45337e-06)             (0.194975 3.71176e-06 1.22262e-06)
      4.23077             (0.194979 -3.15224e-06 2.66512e-06)             (0.194968 4.21352e-06 1.74142e-06)
      4.23846             (0.194977 -2.81959e-06 2.71984e-06)             (0.19496 4.35848e-06 2.30839e-06)
      4.24615             (0.194974 -2.97275e-06 2.39607e-06)             (0.194953 3.48727e-06 2.95571e-06)
      4.25385             (0.194971 -2.39287e-06 1.74086e-06)             (0.194946 2.01243e-06 3.71653e-06)
      4.26154             (0.194968 -2.6088e-06 9.5994e-07)             (0.194941 -3.62294e-07 4.57227e-06)
      4.26923             (0.194966 -1.98556e-06 2.60748e-07)             (0.194937 -3.06004e-06 5.40032e-06)
      4.27692             (0.194964 -2.0958e-06 -3.90779e-07)             (0.194935 -6.19107e-06 6.16947e-06)
      4.28462             (0.194962 -1.19189e-06 -8.41514e-07)             (0.194935 -9.01813e-06 6.83261e-06)
      4.29231             (0.19496 -1.39828e-06 -1.07847e-06)             (0.194937 -1.17215e-05 7.30042e-06)
          4.3             (0.194959 -6.94859e-07 -1.1208e-06)             (0.19494 -1.34995e-05 7.49457e-06)
      4.30769             (0.194959 -8.70185e-07 -1.00371e-06)             (0.194944 -1.45566e-05 7.34971e-06)
      4.31538             (0.194959 -1.4967e-07 -9.32328e-07)             (0.194948 -1.43e-05 6.83902e-06)
      4.32308             (0.194959 -1.58256e-07 -1.00366e-06)             (0.194952 -1.3101e-05 5.97155e-06)
      4.33077             (0.19496 3.66251e-07 -9.34041e-07)             (0.194954 -1.06759e-05 4.79477e-06)
      4.33846             (0.194961 1.69983e-07 -7.86752e-07)             (0.194957 -7.63389e-06 3.3324e-06)
      4.34615             (0.194962 4.49471e-07 -6.81596e-07)             (0.194958 -3.75763e-06 1.70843e-06)
      4.35385             (0.194964 -4.02755e-08 -5.89008e-07)             (0.194958 7.09084e-08 4.06057e-08)
      4.36154             (0.194965 1.3455e-07 -7.80156e-07)             (0.194957 4.08918e-06 -1.61037e-06)
      4.36923             (0.194966 -1.45335e-07 -5.65053e-07)             (0.194955 7.42942e-06 -3.12938e-06)
      4.37692             (0.194967 6.99436e-08 -4.33082e-09)             (0.194953 1.02662e-05 -4.43152e-06)
      4.38462             (0.194967 -4.74871e-07 4.38298e-07)             (0.194951 1.20125e-05 -5.42485e-06)
      4.39231             (0.194967 -3.16514e-07 8.28921e-07)             (0.194949 1.28815e-05 -6.0694e-06)
          4.4             (0.194967 -8.03227e-07 1.46768e-06)             (0.194947 1.26546e-05 -6.38579e-06)
      4.40769             (0.194966 -3.71329e-07 2.07495e-06)             (0.194945 1.16914e-05 -6.35744e-06)
      4.41538             (0.194966 -1.23719e-06 2.60636e-06)             (0.194944 9.73993e-06 -6.03643e-06)
      4.42308             (0.194965 -9.23108e-07 2.97869e-06)             (0.194942 7.56154e-06 -5.51856e-06)
      4.43077             (0.194964 -1.41289e-06 3.12826e-06)             (0.194941 4.76735e-06 -4.85284e-06)
      4.43846             (0.194963 -1.53947e-06 2.95241e-06)             (0.194939 2.31845e-06 -4.18111e-06)
      4.44615             (0.194963 -2.4286e-06 2.28224e-06)             (0.194937 -1.86585e-07 -3.58343e-06)
      4.45385             (0.194962 -2.60964e-06 1.51579e-06)             (0.194935 -2.07652e-06 -3.04763e-06)
      4.46154             (0.194962 -3.32557e-06 6.19566e-07)             (0.194933 -3.60114e-06 -2.6791e-06)
      4.46923             (0.194962 -3.1806e-06 -6.07799e-07)             (0.194931 -4.4096e-06 -2.49973e-06)
      4.47692             (0.194961 -4.6016e-06 -1.90772e-06)             (0.194929 -4.75852e-06 -2.44108e-06)
      4.48462             (0.194961 -4.81432e-06 -2.95821e-06)             (0.194928 -4.44841e-06 -2.44927e-06)
      4.49231             (0.194961 -5.92466e-06 -3.85951e-06)             (0.194928 -3.94443e-06 -2.44861e-06)
          4.5             (0.194961 -5.88649e-06 -4.40364e-06)             (0.194928 -3.0777e-06 -2.3429e-06)
      4.50769             (0.194961 -6.37622e-06 -4.552e-06)             (0.194929 -2.37094e-06 -2.02274e-06)
      4.51538             (0.19496 -5.97736e-06 -4.2578e-06)             (0.19493 -1.61161e-06 -1.41839e-06)
      4.52308             (0.19496 -5.98791e-06 -3.97081e-06)             (0.194933 -1.46545e-06 -3.96886e-07)
      4.53077             (0.194959 -4.92808e-06 -3.54164e-06)             (0.194935 -1.4121e-06 1.0167e-06)
      4.53846             (0.194959 -4.88881e-06 -2.85034e-06)             (0.194938 -2.23183e-06 2.81134e-06)
      4.54615             (0.194959 -3.77182e-06 -2.12855e-06)             (0.19494 -3.18716e-06 4.94432e-06)
      4.55385             (0.19496 -3.65646e-06 -1.5715e-06)             (0.194942 -4.86829e-06 7.19606e-06)
      4.56154             (0.19496 -2.86835e-06 -1.28512e-06)             (0.194942 -6.69585e-06 9.428e-06)
      4.56923             (0.194962 -3.00712e-06 -1.1361e-06)             (0.194942 -8.84359e-06 1.14268e-05)
      4.57692             (0.194963 -2.67396e-06 -1.39281e-06)             (0.194941 -1.09856e-05 1.30495e-05)
      4.58462             (0.194965 -3.01999e-06 -1.84858e-06)             (0.19494 -1.30503e-05 1.41931e-05)
      4.59231             (0.194968 -2.58606e-06 -2.38342e-06)             (0.194939 -1.46738e-05 1.46894e-05)
          4.6             (0.19497 -2.9948e-06 -2.91407e-06)             (0.194939 -1.59981e-05 1.43869e-05)
      4.60769             (0.194972 -2.79837e-06 -3.30362e-06)             (0.194938 -1.64759e-05 1.33358e-05)
      4.61538             (0.194974 -3.12822e-06 -3.43156e-06)             (0.19494 -1.65571e-05 1.17693e-05)
      4.62308             (0.194976 -2.42829e-06 -3.19945e-06)             (0.194942 -1.55545e-05 9.72103e-06)
      4.63077             (0.194977 -2.53534e-06 -2.62191e-06)             (0.194946 -1.42398e-05 7.26228e-06)
      4.63846             (0.194977 -1.16081e-06 -1.75185e-06)             (0.194949 -1.19753e-05 4.59627e-06)
      4.64615             (0.194977 -5.37171e-07 -5.81993e-07)             (0.194954 -9.5167e-06 1.88205e-06)
      4.65385             (0.194976 1.21399e-06 8.37983e-07)             (0.194957 -6.4996e-06 -6.70834e-07)
      4.66154             (0.194975 2.09896e-06 2.25927e-06)             (0.194961 -3.52169e-06 -2.89403e-06)
      4.66923             (0.194973 3.80525e-06 3.47683e-06)             (0.194962 -4.49613e-07 -4.7164e-06)
      4.67692             (0.194971 4.62024e-06 4.56371e-06)             (0.194962 2.22695e-06 -6.08987e-06)
      4.68462             (0.194969 5.5958e-06 5.16091e-06)             (0.19496 4.6687e-06 -6.99428e-06)
      4.69231             (0.194968 5.77043e-06 5.08626e-06)             (0.194956 6.48051e-06 -7.45037e-06)
          4.7             (0.194967 6.37751e-06 4.70892e-06)             (0.19495 8.05145e-06 -7.52314e-06)
      4.70769             (0.194967 5.9902e-06 4.01518e-06)             (0.194944 8.99036e-06 -7.31043e-06)
      4.71538             (0.194967 6.19632e-06 2.95237e-06)             (0.194937 9.6395e-06 -6.92592e-06)
      4.72308             (0.194967 5.11293e-06 1.6274e-06)             (0.194931 9.50208e-06 -6.46307e-06)
      4.73077             (0.194968 4.95344e-06 2.3048e-07)             (0.194925 9.3601e-06 -5.99408e-06)
      4.73846             (0.194969 3.73541e-06 -1.11051e-06)             (0.194922 8.59581e-06 -5.5803e-06)
      4.74615             (0.19497 3.48926e-06 -2.32096e-06)             (0.194921 7.91088e-06 -5.24748e-06)
      4.75385             (0.194971 2.56613e-06 -3.18008e-06)             (0.194923 6.8698e-06 -4.96427e-06)
      4.76154             (0.194972 2.15867e-06 -3.72407e-06)             (0.194926 5.92983e-06 -4.72196e-06)
      4.76923             (0.194973 1.40126e-06 -4.05305e-06)             (0.194932 4.86197e-06 -4.43227e-06)
      4.77692             (0.194973 8.62363e-07 -4.16379e-06)             (0.194938 3.85927e-06 -4.07935e-06)
      4.78462             (0.194974 -6.23655e-07 -4.08165e-06)             (0.194945 2.79243e-06 -3.67494e-06)
      4.79231             (0.194974 -1.54318e-06 -3.86376e-06)             (0.19495 1.87911e-06 -3.13722e-06)
          4.8             (0.194973 -3.3823e-06 -3.59848e-06)             (0.194955 8.18615e-07 -2.45085e-06)
      4.80769             (0.194972 -4.5487e-06 -3.42273e-06)             (0.194958 1.53743e-07 -1.62833e-06)
      4.81538             (0.194972 -6.40462e-06 -2.9161e-06)             (0.19496 -7.77112e-07 -7.3587e-07)
      4.82308             (0.194971 -6.94137e-06 -2.57082e-06)             (0.194958 -1.10957e-06 1.84115e-07)
      4.83077             (0.19497 -9.07806e-06 -2.8164e-06)             (0.194956 -1.61902e-06 1.08464e-06)
      4.83846             (0.194969 -9.8507e-06 -3.06791e-06)             (0.194953 -1.63263e-06 1.89808e-06)
      4.84615             (0.194969 -1.04766e-05 -3.2223e-06)             (0.194949 -1.54515e-06 2.56792e-06)
      4.85385             (0.194968 -9.71348e-06 -3.28257e-06)             (0.194945 -1.15382e-06 3.03544e-06)
      4.86154             (0.194967 -8.90579e-06 -3.28746e-06)             (0.194943 -6.46792e-07 3.34321e-06)
      4.86923             (0.194966 -6.46687e-06 -3.21464e-06)             (0.194942 1.70614e-07 3.53456e-06)
      4.87692             (0.194966 -4.22596e-06 -2.97346e-06)             (0.194942 7.99219e-07 3.63727e-06)
      4.88462             (0.194965 -8.01252e-07 -2.42656e-06)             (0.194944 1.55356e-06 3.7318e-06)
      4.89231             (0.194965 1.88109e-06 -1.70233e-06)             (0.194948 1.94881e-06 3.90635e-06)
          4.9             (0.194965 5.27199e-06 -8.64777e-07)             (0.194952 2.23776e-06 4.20719e-06)
      4.90769             (0.194965 7.50074e-06 9.48094e-08)             (0.194957 1.90696e-06 4.61308e-06)
      4.91538             (0.194965 9.71567e-06 1.2225e-06)             (0.19496 1.50808e-06 5.09464e-06)
      4.92308             (0.194966 1.04762e-05 2.30572e-06)             (0.194964 5.44885e-07 5.71001e-06)
      4.93077             (0.194967 1.12711e-05 3.2742e-06)             (0.194964 -3.7715e-07 6.31611e-06)
      4.93846             (0.194968 1.05119e-05 4.30951e-06)             (0.194964 -1.65822e-06 6.73026e-06)
      4.94615             (0.19497 1.00915e-05 5.18501e-06)             (0.194961 -2.58866e-06 6.95654e-06)
      4.95385             (0.194972 8.31641e-06 5.84326e-06)             (0.194956 -3.44738e-06 6.88751e-06)
      4.96154             (0.194973 7.3396e-06 6.29281e-06)             (0.19495 -3.69363e-06 6.39783e-06)
      4.96923             (0.194974 5.54929e-06 6.59104e-06)             (0.194943 -3.64435e-06 5.44869e-06)
      4.97692             (0.194975 4.88613e-06 6.71048e-06)             (0.194936 -2.91587e-06 4.06601e-06)
      4.98462             (0.194976 3.81574e-06 6.52208e-06)             (0.19493 -1.93738e-06 2.31043e-06)
      4.99231             (0.194977 3.92191e-06 6.07512e-06)             (0.194925 -4.66669e-07 2.81664e-07)
            5             (0.194977 3.52695e-06 5.47631e-06)             (0.194922 8.93293e-07 -1.85966e-06)
      5.00769             (0.194977 4.23112e-06 4.60566e-06)             (0.19492 2.47033e-06 -3.92905e-06)
      5.01538             (0.194978 4.07241e-06 3.86461e-06)             (0.194922 3.4675e-06 -5.74807e-06)
      5.02308             (0.194979 4.67766e-06 2.92913e-06)             (0.194924 4.32295e-06 -7.19659e-06)
      5.03077             (0.194979 4.217e-06 1.88944e-06)             (0.194929 4.36436e-06 -8.17575e-06)
      5.03846             (0.194981 4.07587e-06 7.96141e-07)             (0.194935 4.09686e-06 -8.63759e-06)
      5.04615             (0.194982 2.76792e-06 -3.36295e-07)             (0.194942 3.00625e-06 -8.62174e-06)
      5.05385             (0.194984 1.9596e-06 -1.26453e-06)             (0.194949 1.69715e-06 -8.12739e-06)
      5.06154             (0.194986 3.94721e-07 -2.10441e-06)             (0.194957 -1.26222e-07 -7.28866e-06)
      5.06923             (0.194988 -7.54099e-07 -2.54251e-06)             (0.194963 -1.95396e-06 -6.2505e-06)
      5.07692             (0.19499 -2.58312e-06 -3.13793e-06)             (0.194969 -3.88191e-06 -5.17569e-06)
      5.08462             (0.194992 -3.31123e-06 -3.65525e-06)             (0.194974 -5.50889e-06 -4.23131e-06)
      5.09231             (0.194993 -4.49805e-06 -3.5114e-06)             (0.194979 -7.0632e-06 -3.46745e-06)
          5.1             (0.194994 -4.21286e-06 -3.33223e-06)             (0.194983 -8.1014e-06 -2.9521e-06)
      5.10769             (0.194995 -4.40056e-06 -3.27118e-06)             (0.194987 -9.06214e-06 -2.69449e-06)
      5.11538             (0.194995 -2.99049e-06 -3.01138e-06)             (0.194991 -9.41533e-06 -2.67034e-06)
      5.12308             (0.194994 -2.12687e-06 -2.57476e-06)             (0.194995 -9.76003e-06 -2.80879e-06)
      5.13077             (0.194993 -4.58584e-07 -2.14769e-06)             (0.194998 -9.66678e-06 -2.99852e-06)
      5.13846             (0.194992 7.3421e-07 -1.74059e-06)             (0.195001 -9.53922e-06 -3.12607e-06)
      5.14615             (0.19499 2.28114e-06 -1.19973e-06)             (0.195003 -9.00177e-06 -3.11705e-06)
      5.15385             (0.194988 2.63986e-06 -4.91623e-07)             (0.195005 -8.45002e-06 -2.93414e-06)
      5.16154             (0.194986 3.32407e-06 3.00183e-07)             (0.195004 -7.38424e-06 -2.55019e-06)
      5.16923             (0.194984 2.52811e-06 1.05669e-06)             (0.195002 -6.16941e-06 -1.92442e-06)
      5.17692             (0.194981 1.85291e-06 1.81855e-06)             (0.194998 -4.34183e-06 -1.09893e-06)
      5.18462             (0.194979 -1.22284e-07 2.52179e-06)             (0.194993 -2.31814e-06 -2.16304e-07)
      5.19231             (0.194977 -1.59254e-06 3.15267e-06)             (0.194986 2.64608e-07 6.28891e-07)
          5.2             (0.194974 -4.07428e-06 3.66489e-06)             (0.194979 2.86746e-06 1.41645e-06)
      5.20769             (0.194972 -5.69862e-06 4.03589e-06)             (0.19497 5.72362e-06 2.04569e-06)
      5.21538             (0.194971 -7.59023e-06 4.15963e-06)             (0.194963 8.09401e-06 2.55681e-06)
      5.22308             (0.194969 -7.9681e-06 3.95806e-06)             (0.194956 1.02997e-05 2.94334e-06)
      5.23077             (0.194968 -8.91841e-06 3.80392e-06)             (0.194951 1.14753e-05 3.21397e-06)
      5.23846             (0.194968 -8.51428e-06 3.48822e-06)             (0.194948 1.18525e-05 3.47786e-06)
      5.24615             (0.194969 -8.28028e-06 2.6282e-06)             (0.194948 1.08703e-05 3.76758e-06)
      5.25385             (0.19497 -6.83462e-06 1.68716e-06)             (0.19495 8.81106e-06 4.26059e-06)
      5.26154             (0.194971 -5.56732e-06 7.41867e-07)             (0.194956 5.54066e-06 4.91726e-06)
      5.26923             (0.194973 -3.89874e-06 4.08485e-08)             (0.194963 1.72456e-06 5.64766e-06)
      5.27692             (0.194976 -2.71319e-06 -5.90579e-07)             (0.194972 -2.73805e-06 6.5425e-06)
      5.28462             (0.194978 -4.48686e-07 -1.18899e-06)             (0.194982 -6.88924e-06 7.56694e-06)
      5.29231             (0.19498 5.81135e-07 -1.34503e-06)             (0.194992 -1.07309e-05 8.61283e-06)
          5.3             (0.194982 2.45567e-06 -1.17786e-06)             (0.195001 -1.32663e-05 9.5121e-06)
      5.30769             (0.194983 2.98452e-06 -5.17094e-07)             (0.195009 -1.46541e-05 1.01112e-05)
      5.31538             (0.194983 4.28603e-06 6.83611e-08)             (0.195014 -1.41199e-05 1.02966e-05)
      5.32308             (0.194983 4.45112e-06 8.35779e-07)             (0.195017 -1.21273e-05 9.94759e-06)
      5.33077             (0.194981 5.44657e-06 1.83076e-06)             (0.195017 -8.29652e-06 9.0229e-06)
      5.33846             (0.19498 5.85755e-06 2.59303e-06)             (0.195015 -3.44588e-06 7.54947e-06)
      5.34615             (0.194978 6.85855e-06 2.9912e-06)             (0.19501 2.38928e-06 5.59288e-06)
      5.35385             (0.194976 7.24705e-06 2.96822e-06)             (0.195004 8.23076e-06 3.28126e-06)
      5.36154             (0.194974 8.18401e-06 3.05453e-06)             (0.194996 1.38705e-05 8.02226e-07)
      5.36923             (0.194972 8.33696e-06 2.98102e-06)             (0.194989 1.8266e-05 -1.64925e-06)
      5.37692             (0.194971 9.33817e-06 2.29826e-06)             (0.194982 2.14647e-05 -3.85562e-06)
      5.38462             (0.19497 9.27563e-06 1.34284e-06)             (0.194976 2.27548e-05 -5.60493e-06)
      5.39231             (0.19497 9.68647e-06 5.97989e-07)             (0.194972 2.2362e-05 -6.7416e-06)
          5.4             (0.19497 8.54197e-06 -1.04516e-07)             (0.19497 2.00054e-05 -7.18516e-06)
      5.40769             (0.19497 8.15333e-06 -6.90371e-07)             (0.194969 1.64194e-05 -6.90109e-06)
      5.41538             (0.194971 6.35938e-06 -1.22547e-06)             (0.194971 1.15235e-05 -5.89121e-06)
      5.42308             (0.194971 4.90546e-06 -1.55504e-06)             (0.194973 6.3853e-06 -4.31142e-06)
      5.43077             (0.194972 2.33362e-06 -1.6076e-06)             (0.194978 1.05086e-06 -2.36687e-06)
      5.43846             (0.194973 3.27123e-07 -1.43522e-06)             (0.194982 -3.48844e-06 -1.69903e-07)
      5.44615             (0.194973 -1.99506e-06 -1.38986e-06)             (0.194987 -7.26604e-06 1.90345e-06)
      5.45385             (0.194974 -3.06489e-06 -1.54649e-06)             (0.194991 -9.6661e-06 3.65381e-06)
      5.46154             (0.194974 -5.24026e-06 -1.5877e-06)             (0.194994 -1.08519e-05 5.13858e-06)
      5.46923             (0.194975 -6.40116e-06 -1.62043e-06)             (0.194996 -1.05638e-05 6.07069e-06)
      5.47692             (0.194975 -7.63659e-06 -1.83615e-06)             (0.194998 -9.36917e-06 6.28436e-06)
      5.48462             (0.194976 -7.11785e-06 -2.20536e-06)             (0.194998 -7.04195e-06 5.84045e-06)
      5.49231             (0.194977 -6.71043e-06 -2.63791e-06)             (0.194997 -4.46826e-06 4.79119e-06)
          5.5             (0.194977 -4.89898e-06 -3.11063e-06)             (0.194995 -1.43738e-06 3.21801e-06)
      5.50769             (0.194978 -3.39168e-06 -3.47698e-06)             (0.194993 1.19354e-06 1.26569e-06)
      5.51538             (0.194979 -7.22573e-07 -3.65397e-06)             (0.19499 3.7564e-06 -9.63862e-07)
      5.52308             (0.194979 1.05804e-06 -3.67062e-06)             (0.194987 5.43161e-06 -3.2207e-06)
      5.53077             (0.19498 3.74981e-06 -3.25676e-06)             (0.194983 6.71673e-06 -5.13888e-06)
      5.53846             (0.19498 4.959e-06 -2.58324e-06)             (0.19498 7.08237e-06 -6.70451e-06)
      5.54615             (0.19498 6.47326e-06 -2.11526e-06)             (0.194976 6.94272e-06 -7.89987e-06)
      5.55385             (0.19498 6.74101e-06 -1.56235e-06)             (0.194972 6.14784e-06 -8.52726e-06)
      5.56154             (0.19498 6.81259e-06 -9.77256e-07)             (0.194968 4.92896e-06 -8.49441e-06)
      5.56923             (0.194979 5.79896e-06 -4.98639e-07)             (0.194964 3.3921e-06 -7.77649e-06)
      5.57692             (0.194979 4.68735e-06 -2.47825e-07)             (0.19496 1.81619e-06 -6.42878e-06)
      5.58462             (0.194979 2.31481e-06 -2.32359e-07)             (0.194956 -1.62082e-08 -4.54041e-06)
      5.59231             (0.194979 5.81471e-07 -4.2247e-07)             (0.194951 -1.35739e-06 -2.22544e-06)
          5.6             (0.194979 -2.24206e-06 -9.13935e-07)             (0.194948 -2.9057e-06 3.68368e-07)
      5.60769             (0.19498 -3.93795e-06 -1.53436e-06)             (0.194944 -3.73903e-06 3.06571e-06)
      5.61538             (0.19498 -6.23521e-06 -2.22759e-06)             (0.194941 -4.49374e-06 5.65162e-06)
      5.62308             (0.194981 -7.42387e-06 -2.895e-06)             (0.194939 -4.55947e-06 7.88717e-06)
      5.63077             (0.194982 -8.86535e-06 -3.21454e-06)             (0.194939 -4.37761e-06 9.59112e-06)
      5.63846             (0.194983 -8.94991e-06 -3.22646e-06)             (0.194939 -3.55486e-06 1.06579e-05)
      5.64615             (0.194983 -9.57973e-06 -2.87833e-06)             (0.194941 -2.35001e-06 1.10027e-05)
      5.65385             (0.194984 -8.99072e-06 -2.06531e-06)             (0.194944 -6.51597e-07 1.06071e-05)
      5.66154             (0.194984 -8.8816e-06 -8.86202e-07)             (0.194949 1.30875e-06 9.51507e-06)
      5.66923             (0.194984 -7.78474e-06 5.04564e-07)             (0.194954 3.55372e-06 7.83091e-06)
      5.67692             (0.194984 -7.24093e-06 1.96266e-06)             (0.194961 5.64218e-06 5.72892e-06)
      5.68462             (0.194983 -6.10247e-06 3.58961e-06)             (0.194967 7.86787e-06 3.39376e-06)
      5.69231             (0.194982 -5.52431e-06 5.06731e-06)             (0.194974 9.34492e-06 1.03501e-06)
          5.7             (0.194981 -4.04746e-06 6.11113e-06)             (0.19498 1.07357e-05 -1.12523e-06)
      5.70769             (0.19498 -3.53672e-06 6.71663e-06)             (0.194987 1.11208e-05 -2.92066e-06)
      5.71538             (0.194978 -2.57293e-06 6.90876e-06)             (0.194992 1.10869e-05 -4.23094e-06)
      5.72308             (0.194976 -2.72452e-06 6.67225e-06)             (0.194997 9.96065e-06 -4.93974e-06)
      5.73077             (0.194975 -1.58813e-06 5.97566e-06)             (0.195001 8.29978e-06 -5.05907e-06)
      5.73846             (0.194974 -1.48131e-06 4.96026e-06)             (0.195004 5.80722e-06 -4.66743e-06)
      5.74615             (0.194972 -7.29121e-07 3.64174e-06)             (0.195006 2.90164e-06 -3.7983e-06)
      5.75385             (0.194972 -8.10218e-07 2.24705e-06)             (0.195007 -3.78793e-07 -2.57967e-06)
      5.76154             (0.194972 -3.17216e-07 9.49223e-07)             (0.195008 -3.6826e-06 -1.18048e-06)
      5.76923             (0.194972 -3.03693e-07 -3.02347e-07)             (0.195008 -6.98062e-06 2.43994e-07)
      5.77692             (0.194973 3.89537e-07 -1.33474e-06)             (0.195007 -9.73683e-06 1.53609e-06)
      5.78462             (0.194975 2.33284e-07 -1.99498e-06)             (0.195006 -1.22725e-05 2.57055e-06)
      5.79231             (0.194977 8.2771e-07 -2.28856e-06)             (0.195003 -1.38011e-05 3.2336e-06)
          5.8             (0.194979 8.5493e-07 -2.53358e-06)             (0.195001 -1.49203e-05 3.48161e-06)
      5.80769             (0.194982 2.21404e-06 -2.37502e-06)             (0.194997 -1.48664e-05 3.27953e-06)
      5.81538             (0.194984 2.57091e-06 -1.8771e-06)             (0.194995 -1.43044e-05 2.65296e-06)
      5.82308             (0.194987 3.83116e-06 -1.47785e-06)             (0.194991 -1.26383e-05 1.66959e-06)
      5.83077             (0.194989 4.10862e-06 -9.26893e-07)             (0.194988 -1.04689e-05 4.00961e-07)
      5.83846             (0.19499 5.27161e-06 -3.25421e-07)             (0.194985 -7.50225e-06 -1.0327e-06)
      5.84615             (0.19499 5.55473e-06 1.65079e-07)             (0.194983 -4.11992e-06 -2.52738e-06)
      5.85385             (0.19499 6.27974e-06 4.4503e-07)             (0.194982 -3.85338e-07 -3.97631e-06)
      5.86154             (0.194989 6.03294e-06 7.38852e-07)             (0.194983 3.37645e-06 -5.25278e-06)
      5.86923             (0.194989 6.33752e-06 9.05646e-07)             (0.194984 7.18704e-06 -6.2602e-06)
      5.87692             (0.194987 5.36659e-06 8.8446e-07)             (0.194987 1.03251e-05 -6.92122e-06)
      5.88462             (0.194986 5.10997e-06 7.89694e-07)             (0.194991 1.31451e-05 -7.19296e-06)
      5.89231             (0.194985 3.6698e-06 6.1522e-07)             (0.194996 1.47101e-05 -7.07021e-06)
          5.9             (0.194984 2.78397e-06 3.64522e-07)             (0.195 1.54839e-05 -6.55918e-06)
      5.90769             (0.194984 1.51159e-06 1.26306e-07)             (0.195006 1.47587e-05 -5.71559e-06)
      5.91538             (0.194984 6.29421e-07 -9.65457e-08)             (0.19501 1.2967e-05 -4.61605e-06)
      5.92308             (0.194984 -1.1165e-06 -3.95729e-07)             (0.195014 9.79823e-06 -3.3562e-06)
      5.93077             (0.194984 -1.91525e-06 -7.23153e-07)             (0.195016 5.74958e-06 -2.08107e-06)
      5.93846             (0.194985 -3.47704e-06 -8.91787e-07)             (0.195017 8.01698e-07 -9.26183e-07)
      5.94615             (0.194986 -3.70022e-06 -9.63739e-07)             (0.195016 -4.30729e-06 -2.78314e-09)
      5.95385             (0.194986 -4.62022e-06 -1.05596e-06)             (0.195014 -9.56143e-06 5.3817e-07)
      5.96154             (0.194987 -3.88314e-06 -1.07937e-06)             (0.195011 -1.38962e-05 6.71807e-07)
      5.96923             (0.194987 -3.91024e-06 -1.05192e-06)             (0.195007 -1.75062e-05 4.03805e-07)
      5.97692             (0.194986 -2.46949e-06 -9.32311e-07)             (0.195003 -1.93867e-05 -2.96862e-07)
      5.98462             (0.194985 -1.58504e-06 -7.68577e-07)             (0.194999 -1.98642e-05 -1.32751e-06)
      5.99231             (0.194984 4.68356e-07 -6.04592e-07)             (0.194995 -1.83579e-05 -2.59825e-06)
            6             (0.194982 2.21338e-06 -3.85108e-07)             (0.194993 -1.54072e-05 -3.96461e-06)
      6.00769             (0.19498 4.25222e-06 -3.1081e-07)             (0.194991 -1.0924e-05 -5.23105e-06)
      6.01538             (0.194978 6.03832e-06 -2.63865e-07)             (0.19499 -5.55903e-06 -6.17207e-06)
      6.02308             (0.194976 8.02228e-06 5.30603e-08)             (0.194989 3.59831e-07 -6.73573e-06)
      6.03077             (0.194975 8.60782e-06 1.80479e-07)             (0.194988 6.01684e-06 -6.9055e-06)
      6.03846             (0.194973 9.66572e-06 3.32995e-08)             (0.194987 1.12694e-05 -6.46524e-06)
      6.04615             (0.194973 8.86585e-06 -2.7674e-07)             (0.194987 1.51052e-05 -5.34564e-06)
      6.05385             (0.194972 8.29248e-06 -6.74112e-07)             (0.194984 1.77247e-05 -3.68834e-06)
      6.06154             (0.194972 5.99681e-06 -1.04717e-06)             (0.194982 1.83877e-05 -1.62221e-06)
      6.06923             (0.194973 4.23374e-06 -1.51358e-06)             (0.194978 1.77005e-05 6.62485e-07)
      6.07692             (0.194973 1.17999e-06 -1.8526e-06)             (0.194974 1.52481e-05 2.88108e-06)
      6.08462             (0.194974 -1.13015e-06 -2.07394e-06)             (0.194969 1.18755e-05 4.84731e-06)
      6.09231             (0.194975 -3.79878e-06 -2.15663e-06)             (0.194965 7.56742e-06 6.36699e-06)
          6.1             (0.194976 -5.63181e-06 -2.22113e-06)             (0.194961 3.16415e-06 7.25183e-06)
      6.10769             (0.194976 -7.62278e-06 -2.21334e-06)             (0.194959 -1.11832e-06 7.40826e-06)
      6.11538             (0.194977 -8.26283e-06 -1.90067e-06)             (0.194958 -4.5639e-06 6.86757e-06)
      6.12308             (0.194977 -8.89906e-06 -1.39395e-06)             (0.194959 -7.27011e-06 5.76469e-06)
      6.13077             (0.194977 -7.75242e-06 -7.22619e-07)             (0.194961 -8.50117e-06 4.24626e-06)
      6.13846             (0.194977 -6.82422e-06 6.99973e-08)             (0.194966 -8.7081e-06 2.47216e-06)
      6.14615             (0.194977 -4.47024e-06 9.3726e-07)             (0.194971 -7.54716e-06 6.69401e-07)
      6.15385             (0.194978 -2.41419e-06 1.7897e-06)             (0.194977 -5.6514e-06 -9.0005e-07)
      6.16154             (0.194978 3.97444e-07 2.54773e-06)             (0.194983 -2.90446e-06 -2.05322e-06)
      6.16923             (0.194979 2.01048e-06 3.17017e-06)             (0.194988 -1.24659e-07 -2.64868e-06)
      6.17692             (0.194981 4.35215e-06 3.52596e-06)             (0.194992 2.89589e-06 -2.61757e-06)
      6.18462             (0.194982 4.84217e-06 3.66664e-06)             (0.194995 5.22094e-06 -2.00187e-06)
      6.19231             (0.194983 5.63112e-06 3.5432e-06)             (0.194996 7.0573e-06 -8.83776e-07)
          6.2             (0.194984 5.00724e-06 3.04294e-06)             (0.194995 7.81604e-06 5.58304e-07)
      6.20769             (0.194985 4.33974e-06 2.35193e-06)             (0.194993 7.76855e-06 2.12168e-06)
      6.21538             (0.194986 2.97635e-06 1.49407e-06)             (0.19499 6.59831e-06 3.50223e-06)
      6.22308             (0.194987 1.93872e-06 6.35771e-07)             (0.194987 4.78336e-06 4.56733e-06)
      6.23077             (0.194987 3.64643e-07 -6.73135e-08)             (0.194985 2.10106e-06 5.21972e-06)
      6.23846             (0.194987 -2.98647e-07 -7.87583e-07)             (0.194983 -6.47286e-07 5.27453e-06)
      6.24615             (0.194986 -1.93612e-06 -1.44343e-06)             (0.194984 -3.72331e-06 4.71656e-06)
      6.25385             (0.194985 -2.1995e-06 -1.81182e-06)             (0.194986 -6.2453e-06 3.43903e-06)
      6.26154             (0.194984 -3.09207e-06 -1.95663e-06)             (0.19499 -8.44409e-06 1.69754e-06)
      6.26923             (0.194983 -2.64814e-06 -1.90057e-06)             (0.194995 -9.61773e-06 -1.92549e-07)
      6.27692             (0.194982 -2.87745e-06 -1.65023e-06)             (0.195001 -1.00356e-05 -2.18309e-06)
      6.28462             (0.194981 -2.03035e-06 -1.30483e-06)             (0.195007 -9.35511e-06 -4.07678e-06)
      6.29231             (0.19498 -1.77829e-06 -1.00612e-06)             (0.195012 -7.90993e-06 -5.68384e-06)
          6.3             (0.19498 -6.09016e-07 -7.43447e-07)             (0.195015 -5.60188e-06 -6.87327e-06)
      6.30769             (0.194979 1.49703e-07 -4.73731e-07)             (0.195017 -3.0617e-06 -7.53479e-06)
      6.31538             (0.194979 1.55499e-06 -4.91065e-07)             (0.195016 -2.37446e-07 -7.65631e-06)
      6.32308             (0.194979 2.40162e-06 -5.0827e-07)             (0.195013 2.00641e-06 -7.37225e-06)
      6.33077             (0.194978 3.97626e-06 -8.61811e-07)             (0.195007 3.87767e-06 -6.62093e-06)
      6.33846             (0.194978 4.59104e-06 -1.40004e-06)             (0.195001 4.45675e-06 -5.437e-06)
      6.34615             (0.194978 6.04231e-06 -1.64057e-06)             (0.194993 4.17617e-06 -4.06076e-06)
      6.35385             (0.194977 6.21991e-06 -1.7866e-06)             (0.194986 2.40213e-06 -2.59494e-06)
      6.36154             (0.194976 6.96759e-06 -1.73401e-06)             (0.19498 -2.73335e-07 -1.11977e-06)
      6.36923             (0.194975 6.39643e-06 -1.56832e-06)             (0.194976 -4.10124e-06 2.54204e-07)
      6.37692             (0.194974 6.3153e-06 -1.17837e-06)             (0.194973 -8.27696e-06 1.42532e-06)
      6.38462             (0.194973 4.98426e-06 -6.04867e-07)             (0.194974 -1.26863e-05 2.42312e-06)
      6.39231             (0.194972 4.10944e-06 6.25624e-08)             (0.194977 -1.65109e-05 3.36811e-06)
          6.4             (0.194971 2.09918e-06 8.20057e-07)             (0.194982 -1.95523e-05 4.29571e-06)
      6.40769             (0.194971 5.60351e-07 1.56943e-06)             (0.194987 -2.11484e-05 5.22705e-06)
      6.41538             (0.19497 -1.40103e-06 2.01846e-06)             (0.194994 -2.13491e-05 6.20753e-06)
      6.42308             (0.19497 -2.50262e-06 2.10979e-06)             (0.195 -1.97124e-05 7.23087e-06)
      6.43077             (0.194969 -4.15236e-06 1.94858e-06)             (0.195004 -1.68242e-05 8.30032e-06)
      6.43846             (0.194969 -4.68968e-06 1.33973e-06)             (0.195006 -1.23609e-05 9.36261e-06)
      6.44615             (0.194969 -5.82267e-06 5.35655e-07)             (0.195006 -7.46176e-06 1.03652e-05)
      6.45385             (0.194968 -5.51742e-06 -4.96443e-07)             (0.195003 -1.96786e-06 1.11563e-05)
      6.46154             (0.194968 -5.72979e-06 -1.60743e-06)             (0.194998 2.92314e-06 1.16891e-05)
      6.46923             (0.194967 -4.72303e-06 -2.57915e-06)             (0.19499 7.28231e-06 1.19405e-05)
      6.47692             (0.194966 -4.34237e-06 -3.47204e-06)             (0.194981 1.02042e-05 1.17781e-05)
      6.48462             (0.194965 -3.30385e-06 -3.945e-06)             (0.194971 1.18923e-05 1.11461e-05)
      6.49231             (0.194964 -3.43326e-06 -4.12794e-06)             (0.194962 1.20014e-05 1.00675e-05)
          6.5             (0.194963 -2.92634e-06 -3.91188e-06)             (0.194954 1.09781e-05 8.61005e-06)
      6.50769             (0.194962 -3.32059e-06 -3.53132e-06)             (0.194948 8.87075e-06 6.85207e-06)
      6.51538             (0.194961 -3.6333e-06 -2.76319e-06)             (0.194944 6.38637e-06 4.90918e-06)
      6.52308             (0.194961 -5.49097e-06 -1.53435e-06)             (0.194943 3.86408e-06 2.96288e-06)
      6.53077             (0.194961 -6.73338e-06 -2.29685e-07)             (0.194943 2.01736e-06 1.01876e-06)
      6.53846             (0.194962 -8.86089e-06 1.13094e-06)             (0.194947 6.45295e-07 -8.51924e-07)
      6.54615             (0.194963 -9.71654e-06 2.21644e-06)             (0.194951 6.83047e-07 -2.48565e-06)
      6.55385             (0.194964 -1.09873e-05 3.02054e-06)             (0.194957 1.47593e-06 -3.89932e-06)
      6.56154             (0.194966 -1.06582e-05 3.43727e-06)             (0.194961 3.49173e-06 -5.11755e-06)
      6.56923             (0.194968 -1.01846e-05 3.44877e-06)             (0.194966 5.85809e-06 -6.16535e-06)
      6.57692             (0.194969 -8.04505e-06 3.1418e-06)             (0.194969 8.59764e-06 -7.06008e-06)
      6.58462             (0.194971 -5.88636e-06 2.60412e-06)             (0.19497 1.08131e-05 -7.87616e-06)
      6.59231             (0.194973 -2.25205e-06 1.98009e-06)             (0.194969 1.24065e-05 -8.53456e-06)
          6.6             (0.194975 7.92036e-07 1.38194e-06)             (0.194967 1.26389e-05 -8.88329e-06)
      6.60769             (0.194976 4.58826e-06 9.08541e-07)             (0.194962 1.18319e-05 -8.92196e-06)
      6.61538             (0.194978 7.10811e-06 6.53633e-07)             (0.194957 9.59674e-06 -8.63864e-06)
      6.62308             (0.194979 9.94588e-06 6.86533e-07)             (0.194951 6.40764e-06 -7.9665e-06)
      6.63077             (0.19498 1.10313e-05 9.62248e-07)             (0.194945 2.00812e-06 -6.82189e-06)
      6.63846             (0.194981 1.17918e-05 1.41738e-06)             (0.194939 -2.71903e-06 -5.17997e-06)
      6.64615             (0.194981 1.09434e-05 1.94971e-06)             (0.194935 -7.5945e-06 -3.05658e-06)
      6.65385             (0.194982 9.71452e-06 2.42844e-06)             (0.194931 -1.1806e-05 -5.50706e-07)
      6.66154             (0.194982 7.1824e-06 2.76447e-06)             (0.194931 -1.55051e-05 2.14311e-06)
      6.66923             (0.194982 4.99718e-06 2.88126e-06)             (0.194932 -1.78668e-05 4.87183e-06)
      6.67692             (0.194982 2.04684e-06 2.68278e-06)             (0.194935 -1.93391e-05 7.4235e-06)
      6.68462             (0.194982 3.91363e-07 2.31016e-06)             (0.194939 -1.94691e-05 9.54686e-06)
      6.69231             (0.194982 -2.02008e-06 1.67208e-06)             (0.194946 -1.89906e-05 1.09779e-05)
          6.7             (0.194982 -2.43114e-06 7.94664e-07)             (0.194953 -1.74858e-05 1.15287e-05)
      6.70769             (0.194981 -2.9864e-06 1.8512e-08)             (0.19496 -1.5743e-05 1.10939e-05)
      6.71538             (0.194981 -2.17562e-06 -6.41245e-07)             (0.194967 -1.34979e-05 9.62556e-06)
      6.72308             (0.194981 -1.68692e-06 -1.08334e-06)             (0.194974 -1.1403e-05 7.18362e-06)
      6.73077             (0.194982 -1.4843e-07 -1.17038e-06)             (0.194979 -9.22739e-06 4.0355e-06)
      6.73846             (0.194982 1.12683e-06 -8.65347e-07)             (0.194983 -7.21456e-06 5.34279e-07)
      6.74615             (0.194983 2.80197e-06 -2.63809e-07)             (0.194986 -5.22109e-06 -3.08409e-06)
      6.75385             (0.194983 3.6596e-06 5.36961e-07)             (0.194987 -3.42035e-06 -6.45442e-06)
      6.76154             (0.194983 4.8206e-06 1.36866e-06)             (0.194987 -1.37836e-06 -9.21477e-06)
      6.76923             (0.194983 4.72337e-06 2.26353e-06)             (0.194987 3.71528e-07 -1.11021e-05)
      6.77692             (0.194983 5.03303e-06 3.0908e-06)             (0.194986 2.35906e-06 -1.19243e-05)
      6.78462             (0.194982 4.16304e-06 3.58816e-06)             (0.194984 3.90032e-06 -1.1662e-05)
      6.79231             (0.194981 3.49449e-06 3.58772e-06)             (0.194983 5.4129e-06 -1.0409e-05)
          6.8             (0.194979 1.77885e-06 3.07163e-06)             (0.194982 6.16801e-06 -8.31132e-06)
      6.80769             (0.194977 1.06329e-06 2.20161e-06)             (0.19498 6.48264e-06 -5.6309e-06)
      6.81538             (0.194975 -2.1656e-07 8.26183e-07)             (0.19498 5.78287e-06 -2.6896e-06)
      6.82308             (0.194973 -6.65034e-07 -6.44263e-07)             (0.194979 4.39985e-06 1.90469e-07)
      6.83077             (0.19497 -2.21596e-06 -1.96687e-06)             (0.194978 2.12435e-06 2.70326e-06)
      6.83846             (0.194968 -2.482e-06 -3.1534e-06)             (0.194976 -3.08635e-07 4.57641e-06)
      6.84615             (0.194967 -3.48839e-06 -3.99962e-06)             (0.194975 -3.13592e-06 5.65645e-06)
      6.85385             (0.194965 -3.43345e-06 -4.42529e-06)             (0.194972 -5.6289e-06 5.93029e-06)
      6.86154             (0.194964 -3.87334e-06 -4.29981e-06)             (0.194969 -7.97921e-06 5.4587e-06)
      6.86923             (0.194963 -3.21363e-06 -3.70585e-06)             (0.194965 -9.42366e-06 4.39711e-06)
      6.87692             (0.194963 -3.13685e-06 -3.01358e-06)             (0.194961 -1.01376e-05 2.96239e-06)
      6.88462             (0.194963 -2.63422e-06 -1.76969e-06)             (0.194956 -9.55739e-06 1.38336e-06)
      6.89231             (0.194964 -2.79962e-06 -7.10805e-07)             (0.194951 -8.22901e-06 -9.50524e-08)
          6.9             (0.194965 -1.96335e-06 -1.39171e-07)             (0.194947 -5.78917e-06 -1.23041e-06)
      6.90769             (0.194966 -2.33735e-06 3.09088e-07)             (0.194943 -3.0668e-06 -1.88702e-06)
      6.91538             (0.194967 -2.06299e-06 2.4864e-07)             (0.19494 6.33954e-09 -1.99658e-06)
      6.92308             (0.194967 -2.87458e-06 -4.93046e-07)             (0.194939 2.70459e-06 -1.6268e-06)
      6.93077             (0.194967 -3.12606e-06 -1.7581e-06)             (0.194939 5.02792e-06 -9.108e-07)
      6.93846             (0.194966 -4.2398e-06 -2.89028e-06)             (0.19494 6.44368e-06 6.11364e-08)
      6.94615             (0.194964 -5.03099e-06 -4.29122e-06)             (0.194942 7.14579e-06 1.07348e-06)
      6.95385             (0.194962 -6.81357e-06 -5.8912e-06)             (0.194945 6.86032e-06 1.94662e-06)
      6.96154             (0.19496 -7.4354e-06 -7.28537e-06)             (0.194948 6.14408e-06 2.56964e-06)
      6.96923             (0.194957 -8.82257e-06 -8.35163e-06)             (0.194951 4.73221e-06 2.84497e-06)
      6.97692             (0.194955 -8.96626e-06 -8.96692e-06)             (0.194954 3.52054e-06 2.75426e-06)
      6.98462             (0.194952 -9.57837e-06 -8.90049e-06)             (0.194956 2.14249e-06 2.3492e-06)
      6.99231             (0.19495 -8.6118e-06 -8.21277e-06)             (0.194956 1.46282e-06 1.72482e-06)
            7             (0.194949 -8.11889e-06 -7.05615e-06)             (0.194956 8.78133e-07 1.03602e-06)
      7.00769             (0.194948 -6.16915e-06 -5.50876e-06)             (0.194954 9.11367e-07 4.24437e-07)
      7.01538             (0.194948 -4.63805e-06 -3.54277e-06)             (0.194952 9.73251e-07 9.97715e-09)
      7.02308             (0.194949 -2.52312e-06 -1.65491e-06)             (0.194948 1.14422e-06 -9.11973e-08)
      7.03077             (0.194951 -1.04587e-06 -1.23329e-07)             (0.194945 9.35763e-07 1.74225e-07)
      7.03846             (0.194953 4.25921e-07 1.39531e-06)             (0.194941 3.16885e-07 8.60936e-07)
      7.04615             (0.194955 5.46646e-07 2.37354e-06)             (0.194938 -1.173e-06 1.90913e-06)
      7.05385             (0.194958 1.17835e-06 2.99672e-06)             (0.194935 -3.17751e-06 3.16418e-06)
      7.06154             (0.194961 4.28363e-07 2.81618e-06)             (0.194933 -6.03948e-06 4.48977e-06)
      7.06923             (0.194963 -1.94047e-07 1.92864e-06)             (0.194932 -8.94583e-06 5.79229e-06)
      7.07692             (0.194965 -2.43018e-06 1.50102e-06)             (0.194933 -1.2144e-05 6.90763e-06)
      7.08462             (0.194967 -3.77238e-06 1.12493e-06)             (0.194934 -1.46534e-05 7.62736e-06)
      7.09231             (0.194967 -5.59334e-06 4.9233e-07)             (0.194937 -1.66195e-05 7.86618e-06)
          7.1             (0.194968 -6.01446e-06 -1.34656e-07)             (0.19494 -1.71775e-05 7.57329e-06)
      7.10769             (0.194968 -6.98056e-06 -5.60507e-07)             (0.194944 -1.66065e-05 6.73193e-06)
      7.11538             (0.194968 -6.23006e-06 -7.47856e-07)             (0.194948 -1.45961e-05 5.41371e-06)
      7.12308             (0.194968 -5.58593e-06 -6.0862e-07)             (0.194951 -1.17372e-05 3.6523e-06)
      7.13077             (0.194968 -3.33941e-06 -2.49983e-07)             (0.194954 -7.94408e-06 1.52428e-06)
      7.13846             (0.194968 -1.52374e-06 2.26184e-07)             (0.194956 -4.04138e-06 -7.75783e-07)
      7.14615             (0.194969 1.10592e-06 7.27288e-07)             (0.194958 -2.07918e-07 -3.08609e-06)
      7.15385             (0.194969 2.57601e-06 1.08993e-06)             (0.194959 2.54011e-06 -5.23743e-06)
      7.16154             (0.19497 4.41935e-06 1.25755e-06)             (0.194959 4.35647e-06 -7.05996e-06)
      7.16923             (0.194972 4.56767e-06 1.30298e-06)             (0.19496 4.42299e-06 -8.46047e-06)
      7.17692             (0.194974 4.59275e-06 1.15152e-06)             (0.194959 3.46163e-06 -9.34013e-06)
      7.18462             (0.194976 2.99141e-06 8.68966e-07)             (0.194959 1.11043e-06 -9.61e-06)
      7.19231             (0.194977 1.39157e-06 5.4329e-07)             (0.194959 -1.73291e-06 -9.29727e-06)
          7.2             (0.194979 -1.53484e-06 2.15461e-08)             (0.194958 -4.87033e-06 -8.47718e-06)
      7.20769             (0.19498 -3.94185e-06 -4.67659e-07)             (0.194958 -7.43284e-06 -7.21201e-06)
      7.21538             (0.194981 -6.46776e-06 -8.03893e-07)             (0.194957 -9.13553e-06 -5.62384e-06)
      7.22308             (0.19498 -7.82757e-06 -9.90394e-07)             (0.194956 -9.32045e-06 -3.87579e-06)
      7.23077             (0.194979 -9.15511e-06 -8.45148e-07)             (0.194955 -8.09152e-06 -2.11392e-06)
      7.23846             (0.194977 -8.40591e-06 -5.5178e-07)             (0.194952 -5.05269e-06 -5.15128e-07)
      7.24615             (0.194975 -7.61846e-06 -1.25019e-07)             (0.19495 -9.62557e-07 7.75535e-07)
      7.25385             (0.194971 -5.10468e-06 4.22241e-07)             (0.194946 4.30141e-06 1.63526e-06)
      7.26154             (0.194968 -2.90424e-06 1.20557e-06)             (0.194942 9.54505e-06 2.01729e-06)
      7.26923             (0.194964 2.12504e-07 1.52582e-06)             (0.194937 1.4779e-05 1.83036e-06)
      7.27692             (0.194961 2.38892e-06 1.52891e-06)             (0.194933 1.88464e-05 1.16576e-06)
      7.28462             (0.194959 5.03813e-06 1.71337e-06)             (0.194929 2.16963e-05 1.81806e-07)
      7.29231             (0.194958 6.25884e-06 1.5709e-06)             (0.194927 2.26885e-05 -1.03445e-06)
          7.3             (0.194956 7.18489e-06 1.05607e-06)             (0.194925 2.21356e-05 -2.30764e-06)
      7.30769             (0.194956 6.11995e-06 1.44095e-07)             (0.194925 1.9767e-05 -3.40799e-06)
      7.31538             (0.194957 4.86504e-06 -1.02254e-06)             (0.194926 1.62689e-05 -4.12079e-06)
      7.32308             (0.194958 2.12267e-06 -2.2614e-06)             (0.194931 1.16564e-05 -4.34059e-06)
      7.33077             (0.19496 -1.46679e-07 -3.45629e-06)             (0.194936 6.79178e-06 -3.9775e-06)
      7.33846             (0.194963 -3.43114e-06 -4.35277e-06)             (0.194944 1.76673e-06 -2.98634e-06)
      7.34615             (0.194965 -5.39361e-06 -5.01678e-06)             (0.194952 -2.52414e-06 -1.47268e-06)
      7.35385             (0.194967 -7.61177e-06 -5.51114e-06)             (0.194961 -6.28837e-06 4.20554e-07)
      7.36154             (0.194969 -8.18402e-06 -5.44632e-06)             (0.19497 -8.96679e-06 2.56658e-06)
      7.36923             (0.194971 -8.61086e-06 -4.82653e-06)             (0.194978 -1.09727e-05 4.73855e-06)
      7.37692             (0.194972 -7.37528e-06 -3.83749e-06)             (0.194985 -1.19576e-05 6.74482e-06)
      7.38462             (0.194973 -6.04349e-06 -2.50662e-06)             (0.19499 -1.25975e-05 8.45791e-06)
      7.39231             (0.194973 -3.45727e-06 -9.74743e-07)             (0.194993 -1.25992e-05 9.68368e-06)
          7.4             (0.194973 -1.31706e-06 6.31418e-07)             (0.194994 -1.25993e-05 1.03522e-05)
      7.40769             (0.194973 1.70929e-06 2.0912e-06)             (0.194992 -1.21937e-05 1.04076e-05)
      7.41538             (0.194973 3.30374e-06 3.23497e-06)             (0.194989 -1.20677e-05 9.83202e-06)
      7.42308             (0.194972 5.4036e-06 4.17662e-06)             (0.194984 -1.163e-05 8.74956e-06)
      7.43077             (0.194972 6.06864e-06 4.74222e-06)             (0.194979 -1.13454e-05 7.29108e-06)
      7.43846             (0.194972 6.95108e-06 5.01461e-06)             (0.194973 -1.0662e-05 5.62381e-06)
      7.44615             (0.194972 6.41922e-06 5.01404e-06)             (0.194968 -9.86989e-06 3.89087e-06)
      7.45385             (0.194973 6.16555e-06 4.56845e-06)             (0.194963 -8.55286e-06 2.20227e-06)
      7.46154             (0.194974 4.79973e-06 3.9232e-06)             (0.19496 -7.06941e-06 7.12341e-07)
      7.46923             (0.194974 3.77003e-06 3.23388e-06)             (0.194958 -5.12683e-06 -6.35443e-07)
      7.47692             (0.194975 2.16229e-06 2.54679e-06)             (0.194957 -3.16117e-06 -1.93765e-06)
      7.48462             (0.194975 1.49667e-06 1.9056e-06)             (0.194957 -1.04617e-06 -3.13555e-06)
      7.49231             (0.194976 3.27611e-07 1.55221e-06)             (0.194959 6.64932e-07 -4.35889e-06)
          7.5             (0.194976 7.48953e-07 1.35569e-06)             (0.19496 2.25055e-06 -5.68775e-06)
      7.50769             (0.194975 8.91103e-07 1.25274e-06)             (0.194963 3.10001e-06 -7.10515e-06)
      7.51538             (0.194974 1.81325e-06 1.36712e-06)             (0.194964 3.69082e-06 -8.57731e-06)
      7.52308             (0.194973 2.42022e-06 1.59901e-06)             (0.194965 3.48849e-06 -1.0051e-05)
      7.53077             (0.194973 4.14435e-06 1.83896e-06)             (0.194966 3.16339e-06 -1.14028e-05)
      7.53846             (0.194972 5.35981e-06 2.02012e-06)             (0.194966 2.2676e-06 -1.24137e-05)
      7.54615             (0.194971 7.80003e-06 2.08293e-06)             (0.194965 1.5312e-06 -1.29091e-05)
      7.55385             (0.194972 8.78812e-06 2.01597e-06)             (0.194966 6.45653e-07 -1.27016e-05)
      7.56154             (0.194973 1.03524e-05 1.77678e-06)             (0.194965 1.35947e-07 -1.16463e-05)
      7.56923             (0.194974 1.02312e-05 1.38306e-06)             (0.194966 -2.80137e-07 -9.71943e-06)
      7.57692             (0.194977 1.0297e-05 8.88006e-07)             (0.194966 -2.76231e-07 -6.98395e-06)
      7.58462             (0.194979 8.97306e-06 2.13365e-07)             (0.194968 -1.831e-07 -3.61352e-06)
      7.59231             (0.194982 7.67281e-06 -5.76503e-07)             (0.19497 1.95705e-07 1.44924e-07)
          7.6             (0.194985 5.19869e-06 -1.42347e-06)             (0.194973 3.51072e-07 3.97176e-06)
      7.60769             (0.194988 3.12934e-06 -2.34649e-06)             (0.194975 5.51756e-07 7.52767e-06)
      7.61538             (0.194991 4.23056e-07 -3.19012e-06)             (0.194978 2.53163e-07 1.04806e-05)
      7.62308             (0.194993 -1.39743e-06 -3.95315e-06)             (0.194979 -8.57593e-08 1.25559e-05)
      7.63077             (0.194995 -3.61021e-06 -4.46303e-06)             (0.19498 -1.07902e-06 1.35722e-05)
      7.63846             (0.194996 -4.30346e-06 -4.91413e-06)             (0.194978 -1.93488e-06 1.34916e-05)
      7.64615             (0.194996 -5.54284e-06 -5.52981e-06)             (0.194977 -3.20717e-06 1.24114e-05)
      7.65385             (0.194995 -4.81219e-06 -5.94245e-06)             (0.194972 -4.10584e-06 1.05272e-05)
      7.66154             (0.194993 -4.60765e-06 -6.12101e-06)             (0.194968 -5.02214e-06 8.1165e-06)
      7.66923             (0.194992 -3.08283e-06 -6.02241e-06)             (0.194963 -5.30415e-06 5.51335e-06)
      7.67692             (0.19499 -2.09845e-06 -5.65491e-06)             (0.194958 -5.24213e-06 3.06839e-06)
      7.68462             (0.194987 -5.84394e-07 -5.06613e-06)             (0.194954 -4.53903e-06 1.07736e-06)
      7.69231             (0.194985 2.28545e-07 -4.31172e-06)             (0.194951 -3.4494e-06 -2.4461e-07)
          7.7             (0.194983 8.81905e-07 -2.94535e-06)             (0.194949 -1.92698e-06 -7.94595e-07)
      7.70769             (0.19498 4.42538e-07 -1.1519e-06)             (0.194949 -3.71707e-07 -5.44112e-07)
      7.71538             (0.194978 4.71209e-07 5.62746e-07)             (0.194949 1.35668e-06 3.46737e-07)
      7.72308             (0.194976 -6.85387e-07 2.272e-06)             (0.194951 2.59755e-06 1.64421e-06)
      7.73077             (0.194974 -9.40535e-07 3.97544e-06)             (0.194953 3.85513e-06 3.09627e-06)
      7.73846             (0.194972 -2.1376e-06 5.57466e-06)             (0.194956 4.32848e-06 4.41415e-06)
      7.74615             (0.194971 -1.67767e-06 6.87427e-06)             (0.194957 4.76733e-06 5.34311e-06)
      7.75385             (0.19497 -1.58083e-06 7.77979e-06)             (0.194958 4.54726e-06 5.68014e-06)
      7.76154             (0.194968 -4.43176e-08 8.13923e-06)             (0.194957 4.34898e-06 5.3189e-06)
      7.76923             (0.194968 1.72714e-06 8.01435e-06)             (0.194956 3.98255e-06 4.28951e-06)
      7.77692             (0.194967 4.67495e-06 7.33664e-06)             (0.194952 3.88002e-06 2.68349e-06)
      7.78462             (0.194967 7.00033e-06 6.12968e-06)             (0.194948 3.90461e-06 6.5525e-07)
      7.79231             (0.194968 1.01593e-05 4.52609e-06)             (0.194943 4.50179e-06 -1.57482e-06)
          7.8             (0.194969 1.1828e-05 2.71191e-06)             (0.194938 5.25317e-06 -3.79347e-06)
      7.80769             (0.194971 1.34425e-05 8.46562e-07)             (0.194934 6.44431e-06 -5.75056e-06)
      7.81538             (0.194973 1.29171e-05 -9.1849e-07)             (0.194931 7.55571e-06 -7.24555e-06)
      7.82308             (0.194976 1.17905e-05 -2.46979e-06)             (0.194929 8.70275e-06 -8.18602e-06)
      7.83077             (0.194978 8.34672e-06 -3.65975e-06)             (0.19493 9.22222e-06 -8.52591e-06)
      7.83846             (0.19498 4.46079e-06 -4.36135e-06)             (0.194933 9.44809e-06 -8.29344e-06)
      7.84615             (0.194981 -1.13103e-06 -4.54841e-06)             (0.194937 8.61314e-06 -7.60282e-06)
      7.85385             (0.194982 -6.41319e-06 -4.18325e-06)             (0.194942 7.24606e-06 -6.59719e-06)
      7.86154             (0.194982 -1.22795e-05 -3.48938e-06)             (0.19495 4.83157e-06 -5.40611e-06)
      7.86923             (0.194982 -1.6445e-05 -2.56551e-06)             (0.194956 1.90189e-06 -4.15806e-06)
      7.87692             (0.19498 -2.03092e-05 -1.37199e-06)             (0.194964 -1.60071e-06 -2.96131e-06)
      7.88462             (0.194978 -2.16925e-05 -1.05787e-07)             (0.19497 -4.82235e-06 -1.90157e-06)
      7.89231             (0.194976 -2.22426e-05 1.11548e-06)             (0.194976 -8.05683e-06 -1.029e-06)
          7.9             (0.194973 -2.02706e-05 2.21574e-06)             (0.194981 -1.05148e-05 -3.78802e-07)
      7.90769             (0.19497 -1.7713e-05 3.12747e-06)             (0.194985 -1.23703e-05 6.34172e-08)
      7.91538             (0.194968 -1.33753e-05 3.74182e-06)             (0.194987 -1.30197e-05 3.59023e-07)
      7.92308             (0.194965 -9.2705e-06 4.07235e-06)             (0.194988 -1.2794e-05 5.13226e-07)
      7.93077             (0.194964 -4.2505e-06 4.10978e-06)             (0.194988 -1.12852e-05 5.30897e-07)
      7.93846             (0.194963 -4.57143e-07 3.84875e-06)             (0.194987 -9.13865e-06 4.23402e-07)
      7.94615             (0.194962 3.33565e-06 3.38053e-06)             (0.194985 -6.13435e-06 1.69573e-07)
      7.95385             (0.194962 5.22624e-06 2.7431e-06)             (0.194983 -3.08175e-06 -2.52409e-07)
      7.96154             (0.194963 6.91312e-06 1.92243e-06)             (0.194979 2.17219e-07 -8.54661e-07)
      7.96923             (0.194964 6.79452e-06 1.03313e-06)             (0.194975 2.92661e-06 -1.65081e-06)
      7.97692             (0.194966 6.84416e-06 1.33289e-07)             (0.19497 5.27477e-06 -2.58442e-06)
      7.98462             (0.194967 5.54467e-06 -6.46355e-07)             (0.194966 6.64115e-06 -3.57559e-06)
      7.99231             (0.194968 4.96011e-06 -1.27094e-06)             (0.19496 7.37503e-06 -4.54311e-06)
            8             (0.194969 3.72486e-06 -1.83426e-06)             (0.194955 7.05953e-06 -5.40043e-06)
      8.00769             (0.194971 3.55085e-06 -2.21222e-06)             (0.194949 6.29007e-06 -6.0959e-06)
      8.01538             (0.194972 3.39212e-06 -2.35466e-06)             (0.194944 4.87836e-06 -6.38286e-06)
      8.02308             (0.194973 3.96899e-06 -2.15925e-06)             (0.19494 3.40038e-06 -6.23524e-06)
      8.03077             (0.194975 4.36713e-06 -2.18909e-06)             (0.194937 1.78581e-06 -5.50413e-06)
      8.03846             (0.194977 5.5233e-06 -1.85374e-06)             (0.194935 4.76839e-07 -4.24499e-06)
      8.04615             (0.194978 5.76992e-06 -1.15109e-06)             (0.194934 -7.35967e-07 -2.6733e-06)
      8.05385             (0.194981 6.34044e-06 -1.06463e-06)             (0.194934 -1.29573e-06 -7.55627e-07)
      8.06154             (0.194983 5.07464e-06 -1.06127e-06)             (0.194937 -1.79777e-06 1.31614e-06)
      8.06923             (0.194986 4.68662e-06 -1.06731e-06)             (0.194939 -1.66258e-06 3.46351e-06)
      8.07692             (0.194988 2.88208e-06 -1.16486e-06)             (0.194943 -1.62654e-06 5.41995e-06)
      8.08462             (0.19499 1.64667e-06 -1.23208e-06)             (0.194947 -1.28374e-06 6.9811e-06)
      8.09231             (0.194992 -8.23397e-07 -1.63423e-06)             (0.194953 -1.26256e-06 8.17868e-06)
          8.1             (0.194993 -2.55468e-06 -2.35917e-06)             (0.194957 -1.20907e-06 8.98913e-06)
      8.10769             (0.194994 -3.84955e-06 -2.99915e-06)             (0.194963 -1.61379e-06 9.3733e-06)
      8.11538             (0.194994 -4.13001e-06 -3.5263e-06)             (0.194968 -2.01695e-06 9.33799e-06)
      8.12308             (0.194993 -4.89567e-06 -3.91813e-06)             (0.194973 -2.70294e-06 8.94404e-06)
      8.13077             (0.194992 -4.23795e-06 -4.33428e-06)             (0.194978 -3.20813e-06 8.27366e-06)
      8.13846             (0.19499 -3.67725e-06 -4.4261e-06)             (0.194983 -3.61776e-06 7.4084e-06)
      8.14615             (0.194987 -1.61595e-06 -3.97659e-06)             (0.194987 -3.46335e-06 6.41192e-06)
      8.15385             (0.194985 -3.25579e-07 -3.14022e-06)             (0.194991 -2.95292e-06 5.37191e-06)
      8.16154             (0.194982 2.30753e-06 -2.14187e-06)             (0.194994 -1.49166e-06 4.33491e-06)
      8.16923             (0.19498 3.60205e-06 -1.22662e-06)             (0.194997 3.06346e-07 3.3313e-06)
      8.17692             (0.194978 5.44647e-06 -8.85249e-08)             (0.194998 3.07066e-06 2.39184e-06)
      8.18462             (0.194976 5.95616e-06 1.24516e-06)             (0.195 5.90025e-06 1.56638e-06)
      8.19231             (0.194974 6.73437e-06 2.39345e-06)             (0.194999 9.14746e-06 8.62074e-07)
          8.2             (0.194973 5.88753e-06 3.08412e-06)             (0.194998 1.19792e-05 2.92159e-07)
      8.20769             (0.194972 4.93863e-06 3.40388e-06)             (0.194995 1.44983e-05 -9.59615e-08)
      8.21538             (0.194972 2.7712e-06 3.52367e-06)             (0.194993 1.60293e-05 -3.66212e-07)
      8.22308             (0.194972 9.60434e-07 3.39672e-06)             (0.194989 1.66009e-05 -4.40979e-07)
      8.23077             (0.194972 -1.51843e-06 3.12259e-06)             (0.194986 1.58043e-05 -2.11362e-07)
      8.23846             (0.194972 -3.28465e-06 2.70933e-06)             (0.194983 1.38311e-05 2.53749e-07)
      8.24615             (0.194972 -5.28432e-06 1.83164e-06)             (0.194981 1.05116e-05 9.18709e-07)
      8.25385             (0.194972 -6.0618e-06 1.0846e-06)             (0.19498 6.46312e-06 1.71743e-06)
      8.26154             (0.194972 -7.68004e-06 8.274e-07)             (0.194981 1.49166e-06 2.55739e-06)
      8.26923             (0.194972 -7.22031e-06 7.05097e-07)             (0.194982 -3.33259e-06 3.45539e-06)
      8.27692             (0.194972 -7.50995e-06 7.47879e-07)             (0.194986 -8.3156e-06 4.24422e-06)
      8.28462             (0.194972 -6.1073e-06 8.79776e-07)             (0.19499 -1.2316e-05 4.73002e-06)
      8.29231             (0.194972 -5.02287e-06 9.77381e-07)             (0.194995 -1.56062e-05 4.9218e-06)
          8.3             (0.194972 -2.8849e-06 9.36786e-07)             (0.194999 -1.74065e-05 4.77381e-06)
      8.30769             (0.194972 -1.02443e-06 7.19391e-07)             (0.195004 -1.80292e-05 4.21102e-06)
      8.31538             (0.194973 1.36499e-06 3.81299e-07)             (0.195007 -1.71459e-05 3.26026e-06)
      8.32308             (0.194973 3.16952e-06 -3.17358e-07)             (0.195009 -1.51924e-05 2.00284e-06)
      8.33077             (0.194974 5.05678e-06 -1.00137e-06)             (0.19501 -1.20755e-05 5.10408e-07)
      8.33846             (0.194975 6.01068e-06 -1.682e-06)             (0.195009 -8.41564e-06 -1.11324e-06)
      8.34615             (0.194976 7.71247e-06 -2.66945e-06)             (0.195006 -4.26224e-06 -2.76444e-06)
      8.35385             (0.194977 7.8475e-06 -3.70405e-06)             (0.195002 -3.59124e-07 -4.36264e-06)
      8.36154             (0.194978 8.66298e-06 -4.54416e-06)             (0.194997 3.48477e-06 -5.81784e-06)
      8.36923             (0.19498 8.00828e-06 -5.1069e-06)             (0.194992 6.50003e-06 -7.09974e-06)
      8.37692             (0.194981 7.85882e-06 -5.39924e-06)             (0.194986 8.86547e-06 -8.05697e-06)
      8.38462             (0.194982 6.45233e-06 -5.42685e-06)             (0.194981 1.00728e-05 -8.59013e-06)
      8.39231             (0.194983 5.91013e-06 -5.16858e-06)             (0.194976 1.06886e-05 -8.83897e-06)
          8.4             (0.194984 4.32716e-06 -4.6807e-06)             (0.194973 1.02064e-05 -8.85583e-06)
      8.40769             (0.194985 3.77157e-06 -4.08085e-06)             (0.19497 9.38985e-06 -8.64332e-06)
      8.41538             (0.194985 2.90297e-06 -3.37865e-06)             (0.194968 7.80797e-06 -8.18229e-06)
      8.42308             (0.194986 2.3876e-06 -2.69348e-06)             (0.194967 6.14123e-06 -7.55799e-06)
      8.43077             (0.194986 1.65597e-06 -2.28461e-06)             (0.194967 4.19188e-06 -6.77626e-06)
      8.43846             (0.194986 1.44097e-06 -2.00377e-06)             (0.194967 2.49343e-06 -5.80011e-06)
      8.44615             (0.194986 7.86328e-07 -1.58292e-06)             (0.194968 8.28795e-07 -4.76791e-06)
      8.45385             (0.194986 9.11499e-07 -1.28789e-06)             (0.194969 -2.71827e-07 -3.72455e-06)
      8.46154             (0.194986 2.50536e-07 -1.04126e-06)             (0.194971 -1.15624e-06 -2.67241e-06)
      8.46923             (0.194985 3.20009e-07 -7.23553e-07)             (0.194973 -1.41995e-06 -1.68895e-06)
      8.47692             (0.194985 -6.2458e-07 -4.43715e-07)             (0.194975 -1.44168e-06 -8.41101e-07)
      8.48462             (0.194984 -1.15364e-06 5.50195e-08)             (0.194977 -7.84883e-07 -1.79824e-07)
      8.49231             (0.194983 -2.50394e-06 9.89861e-07)             (0.19498 3.92055e-08 2.39899e-07)
          8.5             (0.194982 -2.87209e-06 2.22611e-06)             (0.194981 1.48233e-06 4.08939e-07)
      8.50769             (0.19498 -4.56173e-06 3.46441e-06)             (0.194982 2.96141e-06 3.33666e-07)
      8.51538             (0.194978 -4.66796e-06 4.61791e-06)             (0.194981 4.96009e-06 6.64617e-08)
      8.52308             (0.194977 -5.80195e-06 5.74255e-06)             (0.19498 6.83318e-06 -2.87247e-07)
      8.53077             (0.194974 -5.64676e-06 6.39402e-06)             (0.194977 8.9676e-06 -7.13373e-07)
      8.53846             (0.194972 -5.64312e-06 6.67458e-06)             (0.194973 1.07623e-05 -1.16232e-06)
      8.54615             (0.19497 -4.27814e-06 6.76368e-06)             (0.194966 1.24745e-05 -1.5135e-06)
      8.55385             (0.194969 -3.16255e-06 6.4026e-06)             (0.194959 1.35034e-05 -1.70031e-06)
      8.56154             (0.194968 -1.03173e-06 5.5829e-06)             (0.194952 1.40968e-05 -1.67166e-06)
      8.56923             (0.194968 9.24088e-08 4.39867e-06)             (0.194944 1.3693e-05 -1.43195e-06)
      8.57692             (0.194968 1.88976e-06 3.34645e-06)             (0.194937 1.25475e-05 -1.02698e-06)
      8.58462             (0.194969 2.35235e-06 2.1605e-06)             (0.194933 1.01688e-05 -5.19405e-07)
      8.59231             (0.19497 3.36786e-06 7.80181e-07)             (0.194929 7.06791e-06 1.81766e-08)
          8.6             (0.194972 2.62952e-06 -3.42596e-07)             (0.194929 2.71132e-06 5.17761e-07)
      8.60769             (0.194974 2.38858e-06 -1.27317e-06)             (0.194931 -1.95759e-06 9.23728e-07)
      8.61538             (0.194977 5.28091e-07 -1.93548e-06)             (0.194937 -7.27399e-06 1.18612e-06)
      8.62308             (0.194979 -9.29083e-07 -2.35091e-06)             (0.194944 -1.24189e-05 1.29182e-06)
      8.63077             (0.19498 -3.09954e-06 -2.51538e-06)             (0.194953 -1.73308e-05 1.25154e-06)
      8.63846             (0.194981 -4.69211e-06 -2.46624e-06)             (0.194963 -2.12819e-05 1.10738e-06)
      8.64615             (0.194981 -6.59085e-06 -2.28059e-06)             (0.194973 -2.42088e-05 9.19293e-07)
      8.65385             (0.194981 -7.1615e-06 -2.09174e-06)             (0.194982 -2.54292e-05 7.20698e-07)
      8.66154             (0.194979 -7.86807e-06 -1.97774e-06)             (0.19499 -2.51784e-05 5.66748e-07)
      8.66923             (0.194977 -6.85268e-06 -1.88713e-06)             (0.194994 -2.29173e-05 4.9277e-07)
      8.67692             (0.194976 -6.1703e-06 -1.78842e-06)             (0.194998 -1.93358e-05 4.6999e-07)
      8.68462             (0.194974 -3.92404e-06 -1.7373e-06)             (0.194997 -1.40698e-05 4.73262e-07)
      8.69231             (0.194972 -2.11531e-06 -1.65459e-06)             (0.194996 -8.10163e-06 4.54062e-07)
          8.7             (0.19497 8.9724e-07 -1.65298e-06)             (0.194992 -1.45936e-06 3.23561e-07)
      8.70769             (0.194969 2.98328e-06 -1.60113e-06)             (0.194988 4.83118e-06 4.97182e-08)
      8.71538             (0.194969 5.26132e-06 -1.37875e-06)             (0.194983 1.06253e-05 -4.46226e-07)
